0
1 245
0
2 839 2424
1 4855
0
0
0
1 5228
0
0
1 4836
0
0
7 44 1956 3527 3973 4022 4488 4840
4 383 2051 2411 3736
2 209 2473
2 2517 3561
0
0
1 1677
0
1 4540
0
0
0
0
5 724 2395 2722 2784 3140
10 24 793 1958 2068 2234 2854 3593 3784 4050 5078
0
0
0
0
0
0
1 2572
0
0
0
1 2072
2 4998 5233
0
3 1561 2514 5034
0
1 2199
1 5135
0
4 907 2063 2686 3753
0
0
2 2022 3603
0
0
1 3250
0
2 221 1252
1 2298
0
0
1 967
0
1 5040
0
2 345 2815
0
0
1 3600
1 4841
1 144
2 1544 4723
0
0
0
1 4887
0
0
1 2541
0
1 158
0
0
0
0
0
0
0
1 95
0
1 5099
0
1 4614
0
0
0
0
0
0
1 1189
2 1382 2817
0
0
0
0
0
0
1 3232
0
2 1345 4775
0
1 751
0
0
0
0
0
0
0
0
0
1 2000
2 1929 3924
0
0
0
0
1 2948
0
1 2220
2 1799 4117
0
0
0
2 107 4865
1 4747
0
3 1880 3029 4005
0
0
0
0
0
0
1 2831
0
0
0
0
2 2684 4626
0
1 91
0
1 5419
1 5227
0
0
0
0
0
1 3142
0
0
0
1 112
0
1 5235
0
0
0
1 3205
0
1 1889
1 2579
0
0
2 1898 5140
0
1 1268
1 4835
0
0
2 3930 3975
0
1 1420
0
0
0
0
0
0
0
0
0
0
0
0
0
0
0
0
0
0
1 578
0
0
0
0
0
1 3488
0
0
1 5390
2 2372 2865
0
0
0
0
0
0
1 3041
0
3 264 873 1254
0
2 1153 4756
0
0
0
5 28 318 2507 3282 4079
0
0
0
3 587 2311 3771
0
0
0
0
1 2696
0
1 2861
0
3 1656 2695 5291
0
0
1 1408
2 283 1663
1 557
2 45 155
2 768 3121
3 298 1829 2254
0
2 1119 3913
1 3503
1 1090
0
0
1 1522
0
0
0
0
0
0
0
0
0
1 5317
0
2 1013 1290
0
1 1040
0
0
1 4719
1 3485
0
0
1 2532
1 300
0
0
0
0
2 2883 4066
0
1 2748
1 2081
1 3641
1 1019
0
1 5194
1 2954
1 3287
1 755
1 2661
0
0
0
0
0
0
0
0
1 2660
0
1 2521
0
0
0
0
1 1558
1 4235
0
0
0
0
0
1 1370
1 2513
1 3544
1 2810
0
1 4100
0
1 2656
0
0
1 1004
1 5418
0
1 3654
0
0
0
1 2303
0
0
3 134 2678 3506
0
1 2589
0
0
1 3758
0
0
0
0
0
0
0
1 5009
1 3884
0
0
0
0
0
1 4389
1 3284
0
0
0
0
0
0
1 4494
0
0
1 3835
1 1941
1 2291
2 1579 3944
0
0
0
0
1 14
1 592
0
1 3368
0
1 3452
5 27 388 2341 4617 4929
0
0
0
0
1 1303
0
0
2 2178 5180
0
0
1 3795
1 4779
0
1 2903
1 443
1 3552
1 1720
1 4613
1 4978
0
1 316
1 4099
0
0
1 2649
0
0
0
0
0
0
1 844
0
0
0
0
1 2398
2 1749 4032
1 2757
0
1 638
1 5453
0
0
0
1 2942
0
0
0
2 375 4612
0
1 2664
0
0
0
0
0
0
1 1191
0
1 794
1 5013
0
1 2089
1 5476
0
1 2330
1 168
2 863 2703
2 2593 4303
1 2002
0
4 741 2158 2526 2692
0
0
0
0
0
0
0
1 3690
1 3644
1 813
0
0
0
0
1 2470
1 5005
1 636
0
0
0
0
1 2289
1 2472
7 536 1052 3016 3275 3760 4530 5342
1 3174
0
0
0
0
2 3295 3494
1 1120
4 258 2172 4429 5514
0
2 607 2460
0
0
1 2544
0
2 3303 4051
0
0
0
0
0
0
0
1 5373
3 2049 4185 5394
0
3 2195 3127 4997
3 413 1740 5306
1 293
1 700
1 3965
1 3708
0
1 3014
0
0
0
0
0
0
0
0
0
1 826
0
0
1 1807
0
1 2080
1 4856
0
0
0
1 2492
0
0
1 3844
1 5236
0
0
0
0
0
1 3245
0
0
0
0
0
0
1 3932
1 2868
2 2337 4852
0
0
1 2647
1 1416
0
0
0
0
0
1 124
0
0
0
1 1932
1 355
0
0
0
1 105
0
0
0
1 2627
0
0
0
0
0
1 3922
0
0
0
0
0
0
0
1 290
0
0
0
0
0
0
0
0
0
1 5157
0
0
0
0
0
0
0
0
0
0
0
0
0
0
0
1 5518
0
0
3 995 3861 4277
0
0
1 31
0
0
1 965
1 461
0
0
0
0
0
3 3069 5275 5429
0
0
1 4435
0
0
0
0
1 4593
1 1148
1 4221
1 2659
0
0
1 4799
0
3 1194 1725 3993
1 726
1 3229
1 5402
1 226
1 1772
0
0
1 1204
0
0
3 887 4278 4331
1 1339
1 3082
1 1437
1 3402
0
0
0
0
1 5422
0
2 486 1043
0
0
0
0
0
4 1236 1413 1875 3762
0
1 4085
0
0
0
1 2496
2 4563 4821
1 1690
0
0
0
2 1434 4046
0
0
0
0
2 304 5319
0
1 1208
0
0
0
1 1788
2 921 3018
0
1 2228
0
0
3 4193 4490 4993
0
0
1 377
0
1 2033
1 3268
0
0
0
0
0
0
1 3866
0
1 4933
1 4504
0
0
0
0
0
0
1 86
1 267
0
0
1 123
0
0
1 1340
0
0
0
0
0
0
0
0
1 2798
1 4454
1 4745
0
0
0
3 893 2260 3697
0
0
0
0
0
0
0
0
4 569 1122 2439 5195
1 4817
0
0
1 4697
1 2434
1 3467
0
0
1 2114
1 5033
1 3216
2 2813 2927
2 2612 5336
0
1 2446
0
3 3155 4410 5509
0
0
1 448
0
3 2021 2614 5171
0
0
0
2 2210 2567
0
0
0
0
0
0
1 1729
0
0
3 1665 3587 4524
1 4632
0
0
0
0
0
1 1472
2 1765 3839
0
1 1454
0
0
0
0
0
2 2402 3616
0
0
0
0
0
0
0
0
0
0
0
0
0
1 193
1 3129
1 3012
0
1 2733
0
0
0
0
3 81 1200 1414
0
0
0
2 1246 4254
0
0
0
2 3411 4343
0
0
0
0
1 623
0
5 423 942 4060 4629 4733
1 3602
0
1 3926
0
0
0
0
0
0
0
1 139
1 3512
0
0
0
0
0
1 3036
0
0
0
0
2 138 2525
1 5076
0
1 559
0
0
0
1 2781
2 2060 4755
0
0
1 3448
1 3953
1 4552
1 1534
1 5316
0
0
0
0
5 96 1264 2968 4928 4935
0
0
1 3214
1 1981
0
0
0
0
0
0
1 2511
0
0
0
0
0
1 504
1 1498
0
1 2991
0
1 1251
0
0
0
3 41 722 2018
0
0
6 1409 2332 2760 3028 3251 4006
0
0
0
2 5016 5355
1 3132
0
0
0
5 553 1384 2800 4889 5042
0
0
0
0
0
0
0
0
1 2585
0
0
0
0
0
0
1 4206
0
2 1007 3073
1 4173
1 1501
1 1123
3 191 2400 4916
2 397 1698
1 523
0
0
0
1 824
1 5184
1 5449
1 2713
0
0
0
1 3610
1 503
0
0
0
0
0
0
2 4369 4385
0
3 2468 4084 4348
1 998
0
0
0
0
2 2979 5244
0
1 2833
0
1 2249
0
1 902
0
1 5162
0
0
1 3456
1 3567
0
0
0
2 2058 3428
0
0
0
0
0
0
0
0
0
1 5446
1 4272
1 2059
0
0
0
4 2545 2702 3185 3723
0
1 573
2 696 2804
1 1618
1 3911
3 656 1793 1982
0
0
1 1448
0
1 1660
0
0
1 2369
1 2718
0
0
1 2743
0
1 1170
0
0
0
0
0
2 2278 3694
1 5133
0
0
2 1884 3772
0
0
1 351
0
0
0
0
0
0
0
0
2 899 2837
0
3 4937 4957 5329
0
0
0
0
0
0
0
0
0
0
0
0
0
0
1 1858
2 3695 3854
1 668
0
0
0
0
0
0
0
0
0
1 4721
0
0
1 5358
0
2 4444 4955
0
1 717
0
0
4 142 664 4811 4908
0
0
0
2 1089 5506
1 1394
2 340 1291
0
1 3748
0
2 286 1872
0
0
0
2 1581 1816
0
1 3215
0
0
0
0
0
2 3880 4259
1 2972
1 2305
4 3315 3540 4574 5525
2 1593 3750
1 1805
1 5438
0
0
0
1 212
0
0
0
0
2 1937 4399
1 496
1 2806
1 1557
0
0
0
1 868
1 1789
0
3 214 756 3095
0
0
0
2 1748 2405
1 1903
0
0
0
1 1785
0
0
0
1 4431
0
1 3434
0
1 2610
0
1 1023
0
0
1 1961
0
1 3703
2 2897 2909
0
2 5170 5396
0
1 4273
2 85 1730
0
0
2 2871 4805
0
0
0
0
0
0
1 1183
0
1 2177
3 2750 3701 5209
5 291 1797 2413 2912 5229
1 217
0
1 343
1 3492
0
1 897
0
0
2 3272 4691
3 1524 2766 3417
6 1102 1751 2791 3421 3980 4985
0
3 1532 1910 2619
0
1 215
1 5363
2 3956 4405
0
1 2617
0
0
7 374 450 1346 2858 2866 4442 4754
0
1 380
1 5397
0
2 678 2581
2 1028 2638
0
1 5437
0
2 585 5542
0
0
0
0
0
2 2392 3354
0
1 2377
1 4300
1 490
0
0
0
0
0
0
0
0
1 3011
0
1 5547
1 1871
0
1 2009
0
0
1 4679
0
0
1 4380
0
1 5271
2 3749 3820
1 100
0
0
0
1 1390
1 5046
1 3405
0
0
0
1 1563
0
1 2571
2 1284 4999
2 958 3551
1 2819
0
1 1311
0
0
1 5513
0
0
1 4636
0
2 804 2707
0
0
0
0
2 175 2385
1 1954
0
0
0
0
2 633 4947
0
0
0
0
0
0
0
0
1 1073
0
1 2204
0
0
0
0
0
0
0
0
0
1 3617
0
0
0
0
0
0
0
1 1987
0
0
1 1265
1 4666
0
0
0
0
1 3273
1 2248
0
0
0
0
0
0
0
0
0
0
1 4428
0
1 4808
0
0
1 2829
0
0
0
0
1 5301
0
3 55 404 2628
0
0
0
0
1 2321
0
0
2 1769 2608
0
0
0
0
1 4482
0
2 1093 2644
0
0
0
0
1 2263
1 1577
1 3458
0
0
1 3394
2 22 4356
0
0
1 2830
0
0
1 339
1 2879
1 2465
0
1 4762
1 5324
0
0
0
0
0
0
0
2 3699 4290
0
1 5234
0
0
3 4700 5120 5523
0
0
0
0
0
0
0
0
0
1 1863
0
1 82
1 4202
1 4543
0
1 4587
1 2662
0
1 2193
1 3487
0
0
0
2 2431 5258
0
0
0
2 3546 5201
1 244
0
0
0
0
0
3 1700 2606 4292
1 2583
0
0
0
1 4625
0
0
0
1 1055
3 1021 3226 4170
0
1 387
2 3688 4094
1 883
0
0
0
0
0
0
0
1 2691
0
1 2106
0
1 2978
0
0
1 3591
0
1 776
0
0
1 910
0
0
0
0
1 3796
0
1 4086
0
0
1 4709
0
0
1 5409
0
0
0
0
0
0
0
1 2103
0
0
0
2 1232 4473
0
0
0
0
1 4710
1 1592
2 333 4098
0
0
0
1 2167
0
0
0
0
0
0
0
2 673 2650
1 4386
0
1 3375
0
0
0
0
0
0
1 1485
1 3046
2 993 2857
0
0
0
0
0
1 3412
1 2603
0
1 3651
0
0
1 783
0
0
1 4881
0
0
4 1182 3309 4258 5081
1 530
0
0
0
0
0
1 2634
1 3801
0
0
0
0
0
0
0
1 4358
0
1 1128
2 1646 2300
0
1 5261
0
2 713 2919
2 1150 2945
0
0
0
0
1 4927
0
0
0
0
0
0
0
0
0
0
0
0
1 5361
0
0
0
1 5152
0
0
0
1 5117
0
1 682
1 5125
0
0
1 2141
1 5207
0
0
0
0
0
0
0
0
0
0
0
1 5232
0
0
0
1 2123
0
1 3989
0
0
0
1 957
0
1 5185
2 4198 4652
0
0
0
0
0
0
0
0
0
0
2 3398 5045
1 4010
0
2 663 2640
1 2197
0
0
0
0
1 5193
0
1 5047
0
1 1705
0
0
1 75
0
0
0
0
1 5139
0
0
0
0
1 515
1 2540
1 2996
0
0
0
1 2762
0
3 2165 2989 5142
0
0
0
2 3855 4729
0
1 1473
0
5 1171 1826 3638 3803 4868
1 641
0
0
1 1198
0
0
0
0
0
0
0
0
0
0
0
1 710
0
0
0
0
0
0
0
0
1 5126
0
5 621 905 4323 5041 5511
1 3119
0
0
1 4436
0
0
1 4991
1 1199
0
0
1 3907
2 444 2282
0
1 2584
0
0
0
0
0
0
0
1 231
0
0
0
0
0
0
1 5295
0
0
1 3051
0
0
1 5165
0
0
0
0
0
0
1 54
0
1 4671
0
0
1 1185
0
0
0
0
0
0
1 3305
0
1 5413
0
0
0
0
0
0
1 3768
2 2272 4201
0
1 3192
1 4569
0
0
0
0
0
1 2471
0
0
2 2008 4262
1 2449
0
0
1 1341
0
0
0
2 4402 5536
1 625
0
0
2 4220 5085
0
2 2389 4403
0
0
0
1 5314
0
1 4434
0
0
0
0
1 2887
0
0
0
0
0
0
1 3123
0
1 4684
3 80 1288 1737
0
0
0
0
1 4056
0
0
0
0
0
2 1118 4603
0
0
0
0
0
2 3081 5011
0
1 2618
0
0
2 87 3687
0
0
0
1 5526
0
0
2 135 2950
1 2607
0
0
0
1 2773
0
0
0
0
0
0
1 1470
0
1 5147
0
0
0
0
0
0
1 4983
2 320 646
1 4826
0
1 5521
1 109
0
1 4904
0
0
0
1 1946
0
0
0
2 3625 4648
0
2 2074 2534
1 5392
0
0
2 1266 2772
0
0
0
0
0
0
1 3327
2 169 617
1 101
0
0
0
0
0
0
0
0
0
0
0
2 3707 5242
0
0
1 5003
1 5253
0
1 2362
1 63
0
0
2 367 1045
0
0
0
1 29
2 1271 2516
1 381
1 2233
0
1 4146
0
0
1 1634
0
0
6 249 661 1604 2548 2752 4932
0
1 5435
1 4445
0
0
2 4320 4757
0
1 534
1 2425
0
0
0
1 4549
0
0
5 1591 2913 3732 3767 4110
0
1 818
0
3 674 4536 4958
0
0
1 3455
0
0
0
1 3191
0
2 4910 4967
0
0
2 347 3387
1 2399
1 459
0
0
0
0
0
0
0
0
1 4458
1 5421
0
2 2575 3404
0
1 2262
0
0
0
1 723
0
0
1 5423
0
0
1 3870
4 3528 3797 4293 4732
0
0
0
0
0
0
0
1 4580
0
1 917
0
1 577
3 2354 4135 5387
0
1 975
0
0
0
2 2596 5362
2 90 4027
0
0
1 4036
0
0
0
0
0
0
0
1 321
0
0
1 1479
0
0
0
0
0
1 3351
0
0
1 666
0
0
0
2 156 1831
0
0
0
1 4619
0
0
1 1586
0
0
0
0
0
0
0
1 3675
0
0
0
0
0
1 3484
0
0
0
0
0
1 1235
0
0
0
0
1 4624
0
0
0
0
0
0
0
0
0
0
0
2 272 1114
0
0
0
0
0
0
2 224 2939
1 3805
0
0
0
0
1 189
1 3328
1 1459
0
1 1686
0
0
0
0
0
1 5287
0
1 2155
0
0
2 730 3898
2 697 1125
2 1798 3042
0
0
1 4753
0
0
1 1747
1 4954
0
0
1 4777
0
0
0
0
0
0
1 3902
1 2
0
1 566
1 931
1 5420
1 2542
1 1874
0
0
0
0
0
0
0
0
2 3542 4076
1 2316
0
2 409 1818
0
0
1 3579
1 924
0
0
1 5426
0
1 3826
0
0
1 2065
3 1231 2685 5452
0
1 2397
0
0
1 2694
0
0
2 3535 3864
2 4159 4892
2 2822 2843
0
0
0
0
0
0
0
0
0
0
2 259 4214
0
0
0
0
0
1 2304
0
2 2347 3710
0
0
0
0
1 1162
0
1 4000
0
1 476
1 1850
0
0
0
1 4650
1 951
1 4797
0
0
1 5159
1 108
0
0
0
0
0
1 3664
0
0
1 4510
6 410 2121 2689 3048 3356 4566
0
0
0
1 485
3 3289 4012 4145
2 2901 4158
0
2 3167 3415
2 4377 4791
3 1155 1738 4003
1 986
0
1 4849
1 1315
1 3451
0
1 5345
0
1 916
1 3426
0
0
0
6 251 2941 2986 3430 3520 4019
0
1 644
1 495
0
0
0
1 3670
0
1 1572
0
0
0
0
0
0
0
1 1373
1 1915
0
0
1 481
0
1 3969
0
0
0
0
0
1 36
0
0
0
0
2 1642 3252
0
1 1809
0
0
0
0
0
0
1 1400
0
0
0
0
0
0
1 5094
0
0
0
1 197
0
0
1 88
1 163
0
0
0
1 148
0
0
0
1 3925
0
3 1923 3381 4165
0
0
1 1121
0
0
0
0
1 1238
0
0
0
0
0
0
1 3145
0
0
0
0
0
0
0
1 838
0
0
1 3987
0
2 4411 4497
2 4471 5462
0
1 5441
0
1 98
0
0
1 2940
0
0
0
0
0
5 1091 1637 1783 2816 4332
2 1047 2427
0
0
0
1 825
0
1 5434
2 733 3340
0
0
0
0
1 1173
1 4031
1 968
0
0
0
0
0
2 662 729
0
0
0
0
0
0
0
2 3050 5550
0
0
0
0
0
0
0
0
2 4763 5543
2 4178 4406
0
0
1 819
1 3550
0
0
0
0
0
1 2407
1 672
0
0
0
1 2336
0
0
0
0
0
0
3 3235 4246 4557
0
1 4307
0
0
0
0
0
0
0
0
0
0
0
0
0
0
1 2834
0
0
0
2 3060 3941
1 4296
1 3882
1 4485
0
0
1 4367
0
1 800
0
0
0
0
2 1918 5044
2 940 5106
0
0
1 2116
1 5455
1 906
1 4105
0
0
0
1 192
1 2128
0
0
0
1 1523
2 1968 4573
0
0
1 4450
1 1734
0
0
0
3 1063 2088 5063
0
1 2736
1 4269
1 5014
0
0
0
0
1 1819
0
0
3 1461 2539 3454
0
0
0
1 3228
0
0
2 3677 3682
0
0
0
0
0
0
0
0
0
0
0
1 4972
0
1 5483
0
1 3267
0
0
0
0
0
0
0
0
0
0
1 1141
1 491
0
1 183
1 3728
1 1228
1 1616
1 4217
0
0
1 7
1 2632
1 2148
0
0
1 525
0
1 4980
0
1 4067
0
1 2990
1 3059
0
0
0
0
0
0
0
2 1780 2211
0
0
2 2036 5107
0
0
0
0
1 4362
0
0
0
1 3000
0
0
0
0
0
0
0
0
0
0
0
1 4311
0
0
0
0
0
2 3165 5366
0
0
0
0
0
0
1 3326
1 2502
0
0
0
2 3 2669
1 4631
0
1 1176
1 3424
2 1695 2032
0
0
0
0
0
0
0
0
0
0
0
0
0
0
0
2 1177 3920
0
0
0
0
0
0
0
1 2490
1 194
0
1 2085
0
2 2803 4359
0
0
1 2747
1 4004
0
0
0
0
0
0
0
0
1 3770
0
1 2929
0
0
1 4819
0
0
0
0
1 4891
0
0
0
0
0
0
0
2 4541 4718
0
0
0
0
0
0
0
0
0
0
0
0
2 499 1602
0
0
1 5006
0
0
0
0
0
0
1 1540
1 4585
0
1 614
0
1 4425
1 371
1 1283
2 2024 4720
0
3 547 2537 4901
0
0
0
0
2 229 4374
0
0
0
1 5164
0
0
0
0
0
1 807
0
1 5161
0
0
0
0
0
0
3 2164 4347 5215
1 749
0
0
1 332
6 1571 2127 2288 2761 2769 3731
0
1 5154
0
0
0
0
0
0
0
1 4527
0
0
1 1249
1 591
0
4 84 1440 1468 4595
1 2875
0
0
0
0
0
0
0
0
0
0
0
3 32 1356 3342
1 509
0
1 665
2 1495 1568
0
0
1 1314
0
0
0
0
0
0
0
0
0
0
0
0
1 3308
3 914 2003 4324
1 3409
0
2 331 3013
0
0
0
0
1 5433
0
0
1 1612
0
1 1843
0
0
0
1 4994
0
0
0
1 2869
1 346
2 1363 4455
2 1209 3061
0
0
3 350 3188 5539
1 3406
3 1771 3332 4662
1 2846
0
1 2445
1 310
1 3990
0
0
0
0
0
0
0
0
0
0
0
1 4041
0
1 2075
0
0
1 4418
0
1 1653
0
0
2 17 597
0
1 4062
0
1 1024
1 5188
0
2 99 964
1 3276
0
0
1 4744
0
0
1 5062
0
0
0
0
0
2 2038 4108
0
0
2 2265 4174
0
0
0
1 3785
0
0
0
0
3 406 482 1486
1 4230
0
2 407 2962
0
0
0
1 5286
0
0
0
0
1 1059
1 1573
1 421
0
0
1 1533
0
0
0
0
0
2 882 4250
0
2 2790 4784
0
0
0
0
0
1 684
2 451 5182
0
3 308 3534 4337
1 5410
1 2137
0
1 3442
0
1 5520
0
1 2190
0
1 866
1 524
1 1333
1 857
0
2 935 4794
1 4698
1 4707
0
0
0
0
0
0
0
2 3848 3971
0
0
0
1 5049
0
1 263
0
1 1270
0
0
2 1513 4461
0
2 2976 4155
0
1 4920
1 1482
0
0
0
0
0
0
0
0
0
0
1 4371
0
1 2436
0
0
2 1499 3103
0
1 4531
1 2543
2 2547 3247
0
0
0
1 4270
0
0
0
1 3176
1 2026
0
0
0
0
0
0
0
0
0
0
0
1 4789
0
0
0
0
1 5459
0
2 851 5529
0
1 5451
0
2 637 5517
0
0
2 2227 5386
1 5312
1 4312
0
1 1844
1 3156
1 4415
2 809 3970
0
0
0
1 5378
0
0
0
2 2237 3662
1 1320
1 5356
0
0
2 516 3234
0
0
0
3 2160 2778 3789
0
0
2 774 1713
0
1 16
0
0
0
3 1146 2318 4673
0
0
0
0
0
0
1 3496
1 3696
2 2671 2698
0
0
0
1 1527
0
0
1 974
0
0
0
1 5241
1 5012
1 4368
0
0
0
0
1 739
1 4738
1 52
0
1 4354
1 3804
0
1 1242
1 3507
0
0
1 1536
1 1928
0
0
0
0
0
1 2438
1 4851
2 647 1985
0
3 972 1244 3960
0
0
0
0
1 5225
1 2145
1 3225
0
1 1567
2 2675 4876
1 2765
0
0
0
0
0
0
0
0
0
0
0
1 5481
1 170
0
2 2069 2073
0
1 3314
0
1 5001
1 1654
2 1862 3476
1 4575
0
0
0
0
1 1110
0
0
0
0
0
0
0
0
1 5221
0
0
0
0
0
0
1 1905
3 4623 5077 5495
0
0
0
0
2 2417 5018
0
0
0
0
0
1 3319
0
2 1423 4968
0
0
0
0
0
0
0
0
0
1 2017
1 3066
0
0
0
0
1 483
0
0
0
0
1 1757
0
1 1293
0
0
0
1 4538
1 4591
0
0
1 425
0
0
1 1393
0
0
0
1 2898
0
0
2 2569 2573
1 5477
0
0
2 616 4382
0
0
0
0
0
0
2 1460 3030
0
1 3310
1 1559
0
0
0
0
0
0
0
0
0
0
0
0
2 903 1947
0
0
0
1 1651
0
3 396 2824 3393
0
0
1 2355
0
0
1 3162
0
0
0
0
0
0
0
0
0
0
0
0
0
0
0
0
0
0
0
1 3620
0
0
0
0
1 2136
2 1727 3627
1 2421
0
1 4668
0
0
0
0
0
1 1800
0
0
0
2 603 1165
1 2932
0
0
0
0
1 5124
0
1 930
0
1 3729
0
1 2687
0
2 657 1074
0
0
0
0
0
0
0
0
0
1 568
0
0
1 1353
0
0
0
0
0
0
0
0
0
0
0
0
1 3281
1 5211
1 1450
0
0
0
0
0
1 3468
0
1 417
0
0
0
0
0
0
1 384
0
1 2530
0
2 390 1348
0
0
0
0
0
1 4551
0
0
1 1064
0
0
0
0
0
0
0
0
0
1 3895
0
0
1 3597
2 176 3141
0
0
0
0
0
0
0
1 5032
0
0
0
0
0
1 3118
1 3931
0
0
0
0
0
0
0
0
0
0
1 4341
0
0
0
0
1 20
2 2150 4289
0
1 4731
0
0
1 1445
1 4107
0
0
1 335
0
0
0
0
1 5029
2 1068 1321
1 3824
0
0
0
1 1599
0
0
0
0
1 1992
0
0
0
0
0
0
0
0
0
0
1 5069
1 2734
0
2 1053 1298
0
1 2117
1 5367
0
1 3976
0
2 502 2422
1 2805
0
0
1 711
1 3851
0
1 1151
0
0
0
0
0
0
1 4960
0
0
1 247
0
0
0
0
0
0
0
1 3518
2 2841 4035
0
1 977
0
0
0
0
0
0
0
0
0
0
1 454
0
0
1 4013
1 3653
0
0
0
0
1 679
0
0
1 3759
0
0
1 354
0
0
0
0
1 2949
2 2169 3718
1 1256
0
0
0
0
0
0
0
0
0
0
2 1365 2281
0
0
0
0
0
1 595
1 1621
0
1 3825
0
0
1 1886
0
3 2739 3706 4816
0
2 4052 4634
1 3952
0
0
0
0
0
0
0
0
0
0
0
0
0
0
1 5375
1 2418
0
0
0
1 960
1 3403
0
0
0
0
0
0
0
0
0
0
1 4366
1 3802
0
0
2 3598 3780
0
0
0
2 3077 4313
0
1 363
0
0
0
0
1 1890
0
0
0
0
0
1 5320
0
0
0
0
1 4701
0
0
1 2501
0
0
0
0
2 1149 5493
0
1 4459
0
1 5089
2 1261 2333
2 3306 5391
0
0
0
1 563
2 211 3490
1 3949
1 5213
0
0
3 3988 4907 5061
0
0
0
1 799
0
1 1837
0
1 9
1 5383
0
0
0
0
0
0
2 2368 4316
0
1 1766
1 3244
0
0
0
0
0
0
0
0
0
1 4055
0
1 434
1 5448
0
0
0
0
0
0
0
0
0
0
0
1 5337
1 250
0
0
0
0
0
0
0
1 3576
0
0
0
0
0
1 4560
1 2120
0
0
0
0
0
1 4705
0
0
1 5393
0
0
0
0
0
1 10
0
0
0
1 3479
2 2371 2594
1 1723
0
0
0
0
1 1471
0
0
0
1 745
0
1 1502
0
2 2642 4834
0
0
0
0
0
2 4238 5268
0
1 1515
1 2461
0
0
1 23
2 1868 4790
0
0
1 1904
1 1990
0
0
0
0
0
1 3669
0
1 1215
0
1 1354
1 3312
0
0
2 34 938
1 1845
0
0
1 3793
0
0
0
0
1 2157
0
1 3934
1 640
0
0
1 3329
2 3783 4240
1 1145
0
2 3905 4945
0
0
0
2 1428 4212
2 3159 3692
0
0
1 70
0
1 1945
0
0
0
0
0
1 1917
0
2 3809 4704
0
0
1 3350
0
1 4598
1 1497
0
0
0
0
0
0
0
0
3 1412 4630 4712
0
0
0
1 934
0
1 1978
1 1925
0
0
0
0
0
1 2067
0
0
2 589 1542
1 2755
0
1 520
2 1210 4950
2 218 3887
0
0
1 5540
0
0
1 2723
0
1 3367
1 5284
0
0
0
0
1 912
0
0
0
0
1 3943
2 378 4818
0
1 2007
1 1317
0
3 2353 3958 5274
0
1 5177
0
1 2370
0
0
0
0
1 1520
3 3460 3812 4466
0
0
0
0
0
0
0
0
0
0
0
0
0
0
1 167
0
1 2236
0
0
0
1 5027
0
0
0
0
1 3172
0
1 737
1 3482
1 433
0
0
0
1 1395
0
0
0
0
0
0
0
1 4039
0
0
0
0
1 570
1 4123
0
0
0
0
0
0
1 4119
2 3177 4280
0
0
0
1 1386
0
0
0
1 1744
0
0
1 3808
0
0
0
0
0
1 4535
0
0
0
0
0
0
0
0
0
0
0
1 720
0
0
0
2 3432 5088
0
0
0
0
0
0
1 5066
1 3607
0
0
1 2735
2 270 4392
1 2946
0
0
1 4862
1 4136
0
0
1 4125
1 405
0
1 1641
0
0
0
0
0
0
1 5474
0
1 1755
0
0
1 4152
0
0
0
0
0
0
0
0
0
0
0
0
2 430 4564
0
1 1974
0
0
0
0
0
0
0
3 1466 2475 3967
1 2001
0
0
1 3283
0
0
0
1 1142
0
0
0
0
0
0
0
10 2588 3057 3659 3776 3979 4029 4195 4670 4872 5160
2 565 944
0
1 4724
0
0
0
1 2225
0
0
0
0
2 2563 4452
0
0
0
0
0
1 3637
0
1 3779
2 285 950
2 3330 4938
1 4529
0
1 1435
0
0
1 4501
0
0
1 330
0
1 4413
0
0
0
1 3892
1 2097
1 869
0
1 4037
0
1 3074
0
0
1 2832
0
1 3668
2 2061 3083
0
0
0
0
0
0
1 2201
0
0
1 3099
0
0
0
0
3 4265 4340 4637
0
0
0
0
1 2674
1 4328
0
0
0
1 4082
1 2247
0
0
0
0
0
2 1596 3501
0
0
0
0
0
0
2 2458 2855
1 5436
1 1521
0
0
0
1 5
1 1899
1 4481
0
0
1 1896
1 2886
0
1 1870
1 3935
0
0
0
0
0
0
1 208
0
0
1 4017
0
0
0
0
0
0
1 2292
0
1 2351
0
0
1 4839
0
0
3 948 4219 4345
1 3549
0
1 4457
1 3331
1 513
1 1279
1 691
1 1159
0
0
0
0
0
0
1 2096
0
0
0
0
0
2 2570 3672
0
0
0
0
1 3026
0
3 457 1357 3957
0
0
1 709
0
0
0
1 4739
0
0
2 919 1860
2 4475 5411
1 3865
0
0
0
0
1 2782
0
1 3008
1 622
0
0
0
1 1015
0
0
0
0
0
1 4433
1 5064
0
0
2 2872 3111
0
0
0
0
0
0
0
6 399 1817 3555 4951 5060 5119
0
0
0
0
0
0
0
0
1 795
0
0
0
0
0
0
0
0
1 4845
0
0
0
0
1 72
0
0
0
0
0
0
0
0
0
1 4517
0
0
0
0
0
0
0
0
0
0
0
1 5468
0
0
0
1 4321
1 5340
0
0
0
0
0
1 18
0
0
1 4492
0
0
0
0
1 2892
0
0
1 137
0
1 1539
0
0
1 2130
0
1 3630
2 539 4074
0
2 42 292
0
0
0
0
0
1 2011
0
0
0
0
1 832
0
1 2809
0
1 4209
0
0
0
0
0
0
0
0
0
3 699 1250 2382
0
0
0
2 3525 5282
0
0
0
0
0
1 892
0
0
1 791
0
1 810
0
1 4979
0
0
0
0
0
0
0
1 3947
0
0
0
0
0
0
0
0
0
0
0
3 312 3264 4451
0
0
0
0
0
0
0
0
0
0
2 836 3504
0
0
0
0
0
0
0
0
1 2462
0
0
0
0
0
0
1 4040
0
0
1 4205
0
0
1 5202
1 359
0
0
0
2 157 3347
0
0
0
0
1 1272
1 4008
0
0
2 2629 5463
0
2 1902 2494
0
0
1 133
2 772 5098
0
0
0
1 1763
0
1 3978
0
2 1556 4234
0
1 4422
1 1029
0
0
0
0
0
0
0
0
0
0
0
0
0
0
0
0
0
0
0
0
0
0
0
0
0
0
0
0
0
0
0
0
0
0
0
0
0
0
2 103 4654
0
1 276
0
0
0
0
0
0
1 2731
1 3539
2 719 3963
0
1 2653
0
0
0
0
1 2241
0
2 1347 4770
0
1 3271
1 1975
0
0
0
2 2658 4539
0
2 855 1282
0
2 2216 2657
1 5252
0
0
0
0
2 2851 5341
0
2 1157 1662
0
1 89
1 2076
0
0
0
0
0
0
0
0
0
1 1168
0
2 2451 5541
2 1057 3206
1 3463
0
0
0
0
0
0
1 1775
0
0
0
1 683
0
0
0
1 537
0
0
0
1 3604
0
0
1 1116
0
0
0
2 1715 4225
1 2523
0
0
1 909
0
0
0
0
0
1 3254
1 4387
0
2 2611 4657
0
1 4735
0
1 5111
2 4689 5158
1 2737
0
0
1 5292
1 3646
0
0
0
0
0
0
1 812
0
1 2931
0
0
0
1 4175
0
0
0
0
0
0
0
0
2 1758 4806
0
0
2 2485 3938
0
1 2170
1 820
0
0
0
0
0
0
0
0
0
1 2877
0
3 269 1109 3889
0
0
0
0
0
2 904 3686
1 2442
3 1625 3530 4675
0
0
0
0
1 1405
0
0
0
0
0
1 615
0
0
0
1 492
0
0
0
0
1 3909
0
0
0
0
0
0
0
0
0
0
0
1 1206
0
0
0
0
0
0
3 199 5192 5480
0
0
0
0
1 1241
0
0
0
0
0
2 2101 4014
0
0
1 687
1 1833
0
0
1 5498
2 1839 4588
0
0
1 4245
0
0
1 4597
0
1 1496
2 2179 3832
1 4746
0
0
1 3130
0
0
1 1949
0
0
2 1381 5246
1 3631
0
1 4798
0
0
1 4922
2 445 1127
0
1 235
0
0
2 629 3811
0
1 5071
0
0
0
1 5464
1 574
0
0
2 2098 5257
0
0
0
0
0
0
1 1082
2 1848 4137
0
0
1 2907
1 4075
0
0
0
3 1276 3246 3830
1 5349
0
0
0
0
0
1 1678
1 4287
1 1645
0
0
1 1245
0
0
0
0
0
0
1 797
0
0
1 4880
2 1081 2138
0
0
0
0
1 2323
1 3827
0
0
0
0
0
1 920
0
0
0
0
0
0
0
1 4661
0
0
0
0
1 119
0
1 4393
0
1 2794
0
0
1 624
0
0
0
0
0
1 3444
0
0
0
0
0
0
1 3852
0
1 1644
0
1 541
0
1 284
1 584
1 4829
1 3257
0
0
0
0
0
0
0
0
0
0
1 4534
1 2310
2 309 4033
1 4828
1 4026
0
0
2 2315 3353
2 2459 3778
1 564
1 3508
1 922
0
0
0
0
0
0
1 5230
0
0
0
0
2 2192 2565
0
0
0
0
4 419 675 4264 4615
1 1979
0
0
1 274
0
0
1 1553
0
2 4192 4218
0
0
2 2112 5406
0
1 2373
0
1 1866
0
0
0
0
0
1 3181
0
0
1 3553
0
0
0
0
0
0
0
2 161 5335
0
0
1 4025
0
1 1026
0
0
1 5546
0
0
0
1 1667
0
1 1507
1 4281
0
0
1 3262
0
1 1002
2 1594 4884
0
0
1 3094
0
1 2792
0
2 582 1610
0
0
1 47
0
1 1427
0
0
0
0
0
0
0
0
1 4196
0
0
0
1 4275
0
0
0
0
0
0
0
0
0
0
0
0
0
0
0
0
1 2587
0
0
0
0
0
0
0
1 1217
1 1611
0
1 4438
1 2999
0
0
0
1 742
0
0
0
0
0
0
1 392
0
0
0
0
0
1 4420
3 1103 1248 2633
1 71
0
0
0
0
0
0
0
0
0
0
0
0
0
2 1289 4276
1 2808
0
0
0
0
0
0
0
0
0
0
1 1864
0
0
0
0
0
0
0
0
0
1 2359
0
0
0
1 3684
2 338 2083
1 3346
0
0
0
0
1 3092
0
0
0
2 708 1032
0
0
0
0
0
1 177
0
0
0
2 51 3921
0
0
0
0
0
0
0
1 325
1 2987
0
0
0
1 173
0
0
2 580 1087
0
1 1674
0
0
0
0
0
0
0
0
0
0
0
0
0
1 3667
0
0
1 4663
0
1 961
1 4930
0
0
2 1006 4208
0
0
0
1 5380
2 1196 5148
3 690 2546 4513
0
1 1275
0
0
0
0
0
0
0
0
0
1 5544
0
0
0
1 3885
0
0
0
1 3410
0
0
0
0
0
0
0
0
0
1 4905
0
0
1 765
0
1 2222
0
1 3751
0
2 2620 3609
0
0
0
0
0
0
1 4941
1 3640
0
0
1 4194
0
0
0
0
1 4633
0
2 3853 4375
0
0
0
0
1 2890
0
0
0
0
0
1 4702
1 2189
0
0
0
0
0
1 3685
0
0
0
0
1 4831
0
1 125
0
0
0
0
1 1187
0
0
0
0
0
1 3608
0
0
0
0
0
1 601
0
1 1714
1 519
0
1 2655
2 1851 4609
0
0
0
0
0
0
0
0
0
1 590
0
1 4722
0
0
0
1 3335
1 4224
0
0
0
0
0
0
0
0
0
1 1531
0
0
2 1681 2495
0
0
0
1 2777
1 2574
0
0
0
0
0
0
0
1 402
0
0
2 586 4350
1 3918
0
0
1 875
2 3157 4643
0
0
1 1934
0
0
0
1 3807
0
1 1071
0
3 529 1535 5527
0
1 1906
0
0
0
0
0
0
0
0
0
0
0
0
0
3 26 1411 4782
0
2 1613 4077
0
0
0
0
0
1 1926
0
0
0
1 4518
0
0
0
0
0
0
1 3910
2 1774 3769
0
1 5112
0
0
1 262
0
0
1 4519
0
0
0
0
0
0
2 1887 3658
2 3307 4199
0
0
1 73
1 3024
0
0
0
4 828 1134 3362 3704
0
0
1 2934
0
0
1 612
0
1 3453
0
0
0
0
0
0
0
0
0
0
0
0
0
0
0
0
0
0
0
0
2 1234 3622
0
0
0
0
1 2477
0
0
1 471
0
0
0
0
1 414
0
0
2 265 2078
1 1639
0
1 4969
1 2331
0
0
0
0
0
2 241 5492
1 2911
0
0
1 53
0
0
2 1216 3096
0
0
1 1812
0
0
0
1 1442
0
0
1 2250
0
0
0
0
0
0
1 3715
0
0
0
1 368
2 418 1136
1 2149
0
0
0
1 1211
0
0
0
0
0
0
1 1172
0
0
0
0
0
0
0
0
0
0
0
1 1746
0
1 703
0
0
0
0
0
0
0
0
1 2595
1 3720
0
2 2463 4730
0
0
0
0
0
0
1 3091
0
1 3873
1 3154
1 4608
0
1 2239
0
0
1 3878
0
0
1 238
0
1 5137
0
1 5270
0
0
0
0
0
0
2 1285 4142
0
0
0
0
1 2099
0
0
0
0
0
0
2 59 1587
0
0
1 3474
1 3698
0
1 5087
0
0
0
0
0
0
0
0
0
0
1 2488
0
0
2 1721 3258
0
0
0
0
1 861
0
0
1 1336
0
0
0
0
0
0
0
1 4495
0
1 48
0
0
1 1726
0
1 991
0
0
0
0
0
1 2902
0
0
0
0
0
1 2393
0
0
1 5104
1 1296
0
0
1 2456
2 4 2482
0
0
0
0
0
0
0
0
2 946 3656
0
0
0
1 2884
0
0
1 4122
0
0
0
0
0
0
0
0
1 5360
0
0
1 2811
0
0
0
1 1192
0
0
0
1 94
1 3396
0
0
0
0
0
0
0
0
0
0
0
0
0
2 2960 5374
1 5255
1 1325
1 4912
0
0
0
0
1 4995
0
0
0
0
0
1 833
0
1 2301
0
0
1 1449
0
0
0
0
0
0
0
0
0
0
0
0
0
1 3279
0
0
0
0
0
1 4242
0
0
0
0
0
1 558
0
1 3242
1 1049
0
1 1801
0
1 2357
1 3502
0
1 1719
0
0
1 4304
1 5218
1 2348
0
0
0
0
0
0
0
0
0
1 2602
0
0
0
1 2453
0
0
0
1 1583
1 205
1 3049
1 1706
0
1 39
1 3573
0
1 428
0
0
0
1 3514
0
0
0
0
0
1 3372
0
0
0
0
1 5151
0
0
0
0
0
0
0
0
1 811
0
0
0
0
0
0
0
0
0
0
0
0
0
0
0
0
0
1 655
1 3203
0
0
0
0
1 3413
0
1 4147
0
1 4047
0
0
1 2673
0
0
0
0
0
0
1 1085
1 1222
0
1 840
2 1260 2219
0
0
1 2409
0
0
0
0
0
0
1 3564
0
1 4134
0
2 4727 4939
0
0
0
0
1 762
1 1912
0
1 93
1 2558
1 477
0
0
0
0
0
0
0
0
0
0
0
0
0
1 1446
0
0
1 5313
1 2498
0
0
1 3857
0
1 2035
0
0
1 5190
0
0
0
0
3 2052 5163 5531
0
0
0
0
0
0
0
0
1 4948
0
0
0
0
0
1 4578
1 230
0
0
0
3 538 3547 5095
2 282 604
0
1 1267
0
0
0
0
1 146
0
0
0
1 4059
0
0
0
0
0
0
0
0
2 50 2006
0
0
0
0
0
0
0
0
1 3371
0
0
1 508
0
0
0
1 3098
0
0
1 3418
2 2951 3742
2 1541 4963
2 3325 4053
1 4069
0
0
3 25 366 760
1 4197
0
0
0
1 3221
0
0
1 2601
0
2 4447 5206
1 3927
1 3297
0
0
1 2520
0
1 5414
0
0
0
0
0
0
0
0
1 2109
0
0
0
0
0
0
0
1 677
1 2302
1 2284
0
0
0
0
0
1 787
0
1 1600
0
0
0
0
2 1392 1888
0
0
0
0
2 5073 5131
0
0
1 2997
1 4486
0
2 2215 2899
0
0
1 2555
0
0
0
0
0
0
0
0
0
0
0
0
0
0
1 3436
0
0
1 1950
0
0
2 21 2154
0
0
2 3097 5074
0
1 1584
1 688
0
0
1 4118
0
0
0
0
0
0
1 4774
2 4693 5303
0
0
0
0
2 1166 2528
2 660 4164
0
0
0
0
0
0
0
0
0
0
1 4879
1 2202
0
0
1 1318
0
2 1907 2724
1 1671
1 992
1 4153
0
1 4778
0
0
0
0
0
0
0
0
0
0
0
0
0
0
1 2056
0
0
2 3917 5153
0
0
0
0
1 1633
0
0
0
0
1 1072
1 1319
0
0
1 4357
0
0
0
0
0
0
0
0
1 162
0
1 198
1 5056
0
1 2764
0
0
1 1609
1 3190
0
0
0
0
0
0
0
0
1 1824
0
0
0
0
0
0
1 2108
0
1 2529
0
0
0
0
2 1048 4875
0
0
0
2 233 4714
0
1 3876
1 2299
0
1 4288
0
0
0
0
0
0
0
1 2146
1 544
0
0
0
0
1 3713
0
0
0
0
0
0
0
0
1 3961
0
0
0
0
0
0
0
0
0
3 432 805 4310
0
1 2896
0
0
0
0
0
1 49
0
0
1 2232
1 5296
1 3239
0
0
1 1111
1 596
0
0
2 2194 4161
0
0
0
0
0
0
0
1 2953
1 5382
0
1 3298
0
0
0
0
0
1 929
1 456
0
0
0
0
2 841 3777
0
0
2 4749 4750
0
0
1 669
0
0
0
0
0
0
0
0
1 3278
0
1 2697
0
0
0
0
0
0
0
0
0
0
0
1 5534
0
0
0
0
0
0
0
1 5260
0
0
1 5052
0
0
0
0
1 2055
0
0
0
0
0
0
0
1 1939
0
0
1 609
0
1 2135
1 4760
0
0
0
0
1 5519
0
0
0
0
0
0
0
0
2 1335 1938
0
0
0
0
0
1 4401
0
1 4306
0
0
1 2820
0
0
0
1 3875
0
0
0
0
0
0
0
0
0
0
0
0
0
0
0
0
0
0
0
0
0
0
0
2 1355 1638
1 2174
0
0
0
0
0
0
0
1 3002
2 2027 3138
1 358
0
1 1011
0
0
0
0
0
0
0
0
0
0
2 528 3586
0
0
0
0
0
0
0
1 4965
0
0
0
1 1115
1 3072
0
2 4419 4986
0
0
1 1316
0
0
0
0
0
1 5141
0
1 1188
0
1 2561
1 2568
2 3493 5454
1 1306
0
1 849
0
0
0
2 743 1399
1 240
0
0
0
0
1 160
1 2358
1 5251
0
1 3255
1 1574
0
0
0
2 754 758
0
0
2 1995 3977
1 4812
0
0
0
0
0
1 5259
0
0
0
1 2429
0
0
0
0
1 5285
2 1016 5460
0
0
1 4030
0
0
0
0
1 1964
0
0
1 2423
1 3745
1 196
0
0
0
1 2183
0
2 3583 3981
0
1 1623
0
0
0
0
0
1 159
0
1 1000
0
0
0
2 1130 1576
0
0
1 1326
2 3337 5008
0
2 2383 4330
0
0
0
1 322
0
1 1509
0
0
0
0
0
0
0
0
0
0
0
0
0
1 3639
0
0
0
0
0
0
0
0
0
1 5309
0
0
0
0
0
0
0
1 2168
0
2 3626 3712
0
1 4601
0
0
1 1552
0
0
0
1 764
0
0
0
0
0
0
1 3901
0
0
0
0
0
0
1 5370
0
1 5017
1 2231
0
0
1 1909
0
4 2079 2641 3382 4562
0
0
1 798
0
0
3 2717 4783 5143
0
1 1647
0
0
0
0
2 3594 5110
1 4740
1 2455
0
0
0
2 188 4305
0
1 5022
0
0
1 4414
1 4923
0
0
0
1 2969
0
0
0
1 1
1 1474
0
0
0
1 2915
0
0
0
0
1 3045
1 3532
0
0
1 4820
0
0
0
0
0
1 4049
0
1 3900
2 3689 4102
1 2450
0
1 4886
1 1362
0
0
0
0
1 422
0
0
1 5130
0
0
3 2344 4396 5535
0
0
1 3574
0
1 3734
0
0
0
0
0
0
0
0
0
0
0
1 953
0
0
0
0
0
1 1280
2 4477 4766
1 3054
0
0
0
0
0
0
0
1 2140
0
0
0
0
0
2 594 2365
1 3345
1 4302
0
0
1 1095
0
2 831 4244
0
0
0
0
1 1304
0
1 37
1 313
0
0
0
0
1 4172
0
1 1777
0
0
0
0
0
1 1840
0
0
0
0
1 3201
1 2910
0
0
0
2 2028 3475
0
0
0
0
0
0
0
0
0
0
0
1 1960
0
1 5273
0
0
0
0
0
0
0
0
1 5021
0
1 4647
0
0
0
0
0
0
0
0
0
0
1 4282
0
0
0
1 1065
1 4133
0
1 3894
0
2 3170 3233
0
0
0
0
0
0
0
0
0
0
0
0
0
0
0
0
0
0
0
1 1453
0
0
2 1156 4470
2 1034 4590
0
0
0
0
0
1 3725
0
0
0
1 4018
1 2030
1 5116
0
0
0
1 3166
0
0
0
1 4804
0
1 400
0
0
0
0
1 2349
1 581
1 4548
0
0
1 5405
1 5522
1 978
0
0
0
0
0
0
0
0
0
0
2 2162 2870
0
0
0
0
1 3462
0
0
0
2 2132 4859
0
0
0
0
0
0
0
0
1 759
1 2374
0
0
0
0
0
0
0
0
0
1 234
0
0
0
0
0
0
0
1 1380
0
0
0
0
0
1 2622
1 5146
0
0
0
0
1 1942
0
0
0
0
0
0
0
0
0
0
0
0
1 1811
0
0
1 1849
0
1 1795
0
1 3179
0
1 4925
1 1669
1 3933
0
1 526
1 5168
0
0
1 1892
0
0
0
0
0
0
0
0
0
0
1 4361
0
0
0
0
0
0
2 1822 4424
0
1 1259
0
0
0
1 4364
2 3983 4344
1 3369
1 4864
0
0
0
2 3466 4773
0
0
1 5338
0
1 4499
0
0
1 518
0
0
0
0
1 1709
0
1 2384
1 2163
0
0
0
1 4379
0
0
0
1 3912
0
0
0
0
0
2 398 4115
0
0
1 3457
0
1 3666
1 659
0
0
1 5181
0
0
0
1 1084
0
0
0
0
0
0
0
0
0
1 4635
3 3877 4171 5223
0
0
0
0
0
0
0
1 2447
0
0
0
0
1 3486
0
0
0
1 5026
0
1 3105
0
0
2 533 997
0
0
0
0
1 894
0
1 4456
0
0
0
1 3794
0
1 3212
1 2864
1 880
0
0
0
1 3522
0
0
0
0
0
0
1 2763
0
0
0
0
0
0
0
1 3596
0
0
0
0
0
0
0
1 4987
0
0
0
0
3 216 767 5507
1 5196
1 650
0
0
0
0
0
1 1830
0
1 2510
0
1 3033
0
1 3114
0
0
0
0
0
0
1 4154
2 494 5475
0
0
1 3184
1 1418
0
0
0
0
0
1 3915
0
0
1 5203
0
0
0
0
0
0
0
0
0
0
0
1 2506
0
0
0
1 3629
0
1 2356
0
0
0
0
0
0
2 116 3133
0
0
1 5444
0
1 3128
1 1368
0
1 1129
0
0
0
0
0
1 2971
1 4222
0
0
1 1675
0
0
1 287
1 184
0
1 1873
1 1564
0
0
0
0
0
1 280
1 4604
1 827
0
0
0
1 4045
1 1429
1 943
0
0
0
0
0
0
0
0
0
0
1 514
0
1 147
1 2726
0
0
0
1 5508
0
2 1622 3293
0
0
0
0
0
0
0
1 1438
1 3782
1 4964
2 766 3515
0
0
0
0
1 5467
0
0
0
1 1358
0
0
1 2615
0
1 5065
0
0
0
0
0
0
1 4058
0
0
0
1 220
0
0
1 2756
0
0
0
0
0
0
0
0
0
0
1 4370
1 2690
0
0
1 370
0
1 554
0
1 725
0
0
0
1 4267
0
1 1682
0
0
0
0
0
0
1 5350
0
1 65
2 174 4463
0
0
1 5379
0
0
0
0
3 631 1218 1342
2 3560 3691
0
2 4809 4959
0
0
0
0
0
1 1377
1 4781
0
1 2598
0
1 452
3 3090 4899 5472
1 1489
0
0
0
0
0
1 2818
0
0
0
0
3 3416 4271 4335
0
0
0
1 3324
0
1 236
0
0
1 5327
0
0
0
0
0
1 3856
0
0
0
0
0
0
2 1143 1707
3 522 1014 4104
0
0
0
0
0
0
0
0
0
0
1 3153
1 2512
0
1 4256
0
0
0
1 3647
0
0
0
0
0
0
0
0
0
0
0
2 575 790
0
0
0
0
0
0
0
0
0
1 2186
0
0
0
0
2 353 2245
1 4261
1 3480
0
0
0
2 1857 4157
0
0
0
1 1517
0
0
0
2 676 2701
2 900 2416
2 352 1161
0
0
0
1 1779
0
0
0
0
0
0
0
0
0
0
0
0
1 1205
0
1 3343
0
0
0
1 4728
1 255
0
0
0
0
0
0
1 4751
0
0
0
1 260
0
1 3498
1 4083
0
0
0
1 2504
0
0
0
2 716 3473
0
0
0
0
0
1 4953
0
0
0
0
0
2 442 2182
0
0
1 3673
2 2935 4542
0
0
0
0
1 3210
0
0
1 1825
0
1 324
0
0
0
0
0
0
0
0
0
0
0
0
0
1 3086
2 732 4600
0
0
0
0
1 2226
0
0
1 1528
0
0
1 4373
0
0
0
0
0
0
0
0
0
0
1 4021
0
0
0
0
0
1 1301
0
0
0
1 5482
0
0
0
0
0
1 2005
1 736
0
0
1 4391
0
0
0
1 3078
1 5497
0
1 1328
1 3529
0
0
1 505
0
0
0
0
0
1 253
0
0
0
0
0
2 2958 5404
1 1988
0
0
0
0
0
0
0
0
0
2 1881 2258
0
1 3429
1 3443
0
1 43
0
1 1219
0
0
0
0
0
0
1 1897
0
0
0
0
0
1 3746
0
0
0
1 4827
0
1 5516
0
2 746 5388
0
2 2198 3538
0
0
1 3834
1 1562
0
1 261
0
0
0
0
0
1 4846
1 1457
0
0
0
0
0
0
0
1 2039
0
2 223 3286
0
1 438
0
0
0
0
0
0
0
0
0
1 4581
0
0
0
0
1 5155
0
0
0
0
0
1 1331
0
0
0
0
0
0
0
0
1 5334
0
0
2 1778 3449
0
0
1 3125
0
0
0
1 4505
1 3633
1 5240
2 3323 5269
0
0
0
0
0
0
0
1 303
0
0
0
0
0
0
0
0
0
0
0
0
0
1 1462
0
0
0
1 2200
1 1879
0
2 2626 2973
0
0
0
0
0
0
1 4813
0
0
0
0
0
0
0
0
1 4126
0
0
0
0
2 1589 3929
0
0
5 908 2045 3738 4717 5399
1 1538
0
0
0
0
0
0
0
0
0
0
0
0
0
0
0
0
2 801 5510
0
0
1 5432
0
0
0
0
0
0
0
1 1518
0
0
0
0
0
0
1 3545
0
0
0
1 885
0
0
0
1 2134
0
0
0
0
0
0
1 548
0
0
1 3437
0
0
0
0
0
0
1 5091
0
1 3974
0
0
0
0
1 1828
1 166
0
0
0
1 1606
0
0
0
1 1406
0
0
1 1324
0
0
0
0
0
1 5224
1 3966
1 1782
0
0
0
0
0
0
0
1 3193
1 1332
0
0
0
1 2070
0
0
0
0
0
1 1190
0
0
0
0
0
0
1 2751
0
0
0
0
0
0
0
0
0
2 867 2745
0
0
3 401 579 634
0
0
0
0
0
0
0
1 210
0
0
0
0
0
0
0
0
0
0
0
0
0
0
0
1 2744
0
1 4213
0
0
0
0
0
1 1693
0
2 446 4239
0
1 511
0
0
0
0
0
0
0
0
0
1 1179
0
1 1575
1 748
2 872 5302
1 4592
0
0
0
1 5079
0
1 1369
0
0
0
0
3 2050 5024 5217
0
1 1787
0
1 3390
0
0
0
0
1 1175
0
0
2 4063 4894
1 4469
0
0
0
1 1900
0
0
0
0
0
0
1 5293
0
0
1 1164
0
3 3313 4669 5144
0
0
0
0
0
0
0
0
0
0
1 4404
0
0
0
0
0
0
1 2550
0
1 2064
1 5365
1 295
3 808 1277 4940
0
0
0
0
0
3 2666 3469 5216
0
0
0
0
0
0
0
0
0
0
1 4848
0
0
1 562
0
2 852 891
1 4748
0
0
0
0
2 643 3700
0
0
0
1 2010
0
1 5114
0
1 110
0
1 3611
2 164 5326
0
0
1 2793
0
1 2338
0
0
0
1 718
0
0
1 294
0
0
0
0
1 1733
1 5533
0
0
1 1883
0
0
0
0
0
0
0
0
0
0
0
0
0
1 1815
0
0
0
0
0
1 2970
0
1 5183
0
1 4512
0
0
0
0
1 1181
0
0
0
0
0
0
1 1253
0
1 923
0
0
0
0
1 1379
0
3 1221 1389 2840
0
0
1 2844
0
0
0
1 464
0
0
0
0
0
0
0
1 2758
0
0
0
2 2410 4483
0
0
0
0
2 1784 3842
1 3619
0
0
0
0
0
2 154 1835
0
0
0
0
0
0
0
0
3 752 3800 5030
1 3143
0
0
0
0
0
1 1226
0
3 1694 4427 4869
0
0
0
0
1 5428
0
2 1569 4211
0
0
0
1 3296
0
0
0
0
0
2 2771 3139
0
0
0
1 854
0
1 1330
0
0
1 2774
0
1 4378
0
0
0
0
0
3 896 1607 4400
0
0
0
3 1163 4667 5058
0
0
1 5315
0
0
0
0
0
0
1 4810
1 886
0
0
1 834
1 202
2 848 956
0
0
0
1 1869
0
0
2 1422 4824
1 5237
0
0
0
1 1500
0
1 4795
0
0
0
1 5186
0
1 4616
1 988
1 1327
1 1195
0
0
0
1 1404
0
0
1 3533
0
0
0
0
1 4372
0
0
0
2 1312 3964
0
0
0
0
0
1 3113
0
0
0
1 4353
0
1 4038
0
0
0
0
0
0
0
0
0
0
0
0
0
0
0
1 2917
1 2938
1 5245
0
1 3755
0
0
0
0
0
1 13
0
0
0
1 1767
0
0
0
0
1 1630
0
1 2533
1 531
0
0
0
0
0
3 3955 4576 4825
1 845
0
0
0
0
1 1038
0
0
0
0
0
1 1761
1 4009
1 329
0
0
0
0
0
0
0
0
1 2812
0
0
0
0
0
0
0
1 5450
0
0
0
1 5294
0
1 5179
0
1 415
0
0
0
0
0
0
0
0
0
0
1 1791
0
0
0
0
1 1323
0
0
0
0
0
1 1687
0
1 4160
0
0
0
0
0
1 466
0
4 583 1067 3505 4480
0
1 1031
0
1 35
0
1 46
0
0
0
0
0
0
0
0
1 3814
0
1 489
0
0
0
0
0
1 1305
0
1 4028
0
0
1 2616
1 4885
0
0
0
0
0
0
0
0
0
0
0
0
0
0
0
1 3850
0
0
0
0
0
2 115 4496
0
0
1 3370
0
1 1180
0
1 1097
0
0
1 1451
0
1 4977
0
0
0
1 266
0
0
1 5122
2 1745 3447
0
0
0
0
1 4676
1 4112
0
0
1 3385
2 1062 2479
1 727
0
0
1 685
0
0
0
0
0
2 2329 4568
0
0
0
0
0
0
1 2536
0
0
1 2842
0
0
0
0
0
0
1 474
0
0
0
0
0
1 973
0
1 4181
0
0
0
1 2862
1 3209
0
0
2 1692 2621
1 2967
0
1 4412
0
0
1 4089
0
0
0
0
0
0
0
0
0
0
0
0
2 1041 3134
0
1 2894
0
0
0
0
0
0
1 4489
0
1 3565
0
0
0
1 889
0
0
0
1 2223
1 605
0
0
1 3106
0
0
0
1 1582
0
0
1 1223
0
1 4093
1 4177
0
0
1 4253
1 4061
0
0
0
0
0
0
0
1 551
1 2478
0
0
0
0
0
0
0
0
0
0
0
0
0
2 2242 3116
0
0
0
1 913
1 4167
0
0
0
1 2381
0
0
0
0
0
1 2524
1 1668
0
1 2715
0
0
0
3 1999 4336 5197
0
0
0
0
0
0
0
1 2361
0
0
0
0
0
0
0
0
0
1 2319
1 1193
0
1 3727
0
0
1 3998
1 2364
0
0
0
0
1 4016
0
0
1 3040
0
1 5457
0
1 1554
0
2 3102 5310
0
0
0
0
0
0
0
0
0
0
0
0
0
1 2139
0
0
0
1 3433
1 806
0
0
0
0
1 1178
1 4215
0
1 3364
0
0
0
0
0
1 1478
1 2129
3 2566 3891 5238
2 1060 4190
2 1750 4474
1 40
1 2643
1 1099
0
0
1 2980
1 3408
1 1044
0
0
1 1578
0
1 2326
0
0
2 1624 1697
0
0
0
0
0
0
0
0
0
0
0
0
1 1969
1 782
0
0
1 5403
0
0
0
0
0
1 3115
0
0
0
1 2828
2 2309 2705
1 1846
0
0
0
0
1 2328
0
0
1 1086
1 3554
0
0
0
1 2276
1 3087
0
0
1 1802
3 926 1688 1696
0
0
0
0
1 4911
0
0
0
0
0
0
0
0
0
0
1 5389
2 232 1371
1 4398
0
1 1039
0
0
0
0
0
0
0
2 842 1388
2 1281 2224
0
0
1 3407
1 3183
1 3497
0
0
1 3559
0
0
1 4301
0
0
0
0
0
2 3120 3414
0
0
1 5538
0
0
0
1 4639
0
0
0
0
1 837
0
0
0
0
0
0
0
0
0
0
1 3569
0
0
0
0
0
0
0
1 645
0
0
0
0
0
0
0
0
1 2775
0
0
0
0
0
0
0
0
0
0
0
0
0
1 619
0
0
0
0
0
0
0
0
0
0
0
1 847
0
0
0
0
0
0
0
1 5280
0
0
1 3022
1 323
2 2107 5198
0
0
0
0
0
0
0
0
0
1 4605
0
0
1 5323
0
0
0
0
0
0
0
0
0
0
0
1 3197
2 4319 4833
0
0
0
0
2 670 3301
1 506
0
0
0
0
0
0
0
0
0
1 4823
1 102
0
0
0
0
0
1 4843
0
1 4866
1 2624
0
1 600
0
0
0
0
0
1 4394
1 2430
0
0
0
0
1 949
0
0
0
0
0
5 97 431 2591 3194 3465
0
0
0
0
1 2961
0
2 858 1731
0
0
0
0
1 5210
0
1 5439
0
1 2087
0
2 3743 5400
0
1 4476
0
1 3180
0
0
0
0
0
1 721
1 3972
0
0
1 4800
1 3218
0
0
0
0
0
0
0
0
0
0
0
1 4708
0
1 1436
0
0
0
0
0
0
0
2 2557 3168
0
0
0
0
0
0
0
0
0
0
0
1 4699
0
0
3 1672 4550 4694
0
0
0
0
0
1 5265
0
0
2 5169 5178
1 299
0
0
0
1 3304
0
1 4073
0
0
0
0
1 3400
0
0
0
0
0
1 3431
0
1 2562
1 4981
0
0
0
0
1 2391
1 2853
0
0
0
3 364 608 5351
0
0
0
0
0
0
0
1 3017
0
0
0
0
0
0
2 706 5068
0
0
0
0
0
0
1 1488
0
1 5097
0
0
1 971
0
3 1138 1685 2799
0
0
0
0
0
0
0
0
0
0
0
0
1 2767
1 4472
0
0
1 3236
0
0
0
0
0
0
0
0
0
0
0
0
0
0
0
1 5321
0
0
0
1 1526
0
0
0
0
0
1 2152
0
0
0
2 3158 3373
0
0
0
0
0
0
0
1 5381
0
0
0
0
0
0
0
0
0
1 3982
0
0
1 5515
1 5250
0
2 1098 4567
0
0
0
0
0
0
0
0
0
0
0
1 3164
0
0
0
0
0
1 4329
0
0
0
1 172
0
0
0
0
0
0
2 3148 3968
0
0
0
1 3716
0
0
0
0
0
0
0
0
0
1 2166
1 4015
1 3833
0
0
0
0
0
0
0
0
0
0
0
0
0
0
1 3079
0
1 1421
0
0
0
0
0
0
0
0
2 1914 4883
0
0
1 1615
0
0
1 4909
0
0
0
0
0
0
0
0
0
0
0
1 219
0
0
2 1916 4295
0
0
1 3821
0
0
0
0
2 1106 2287
0
0
0
0
0
0
0
0
0
0
0
1 256
0
0
0
0
0
1 114
1 2246
0
0
0
0
1 56
0
0
0
3 1455 1650 3683
0
0
1 2185
0
0
0
0
0
0
0
0
0
0
0
0
0
1 1753
0
1 3556
1 3294
0
0
0
0
0
0
1 2187
0
0
0
0
1 1105
1 2925
1 2043
1 4642
0
0
0
0
0
0
0
1 3318
4 874 1273 1546 3724
0
0
0
1 4641
0
0
1 3945
1 3055
0
0
0
1 1679
0
1 3124
1 5424
1 440
0
0
0
1 136
1 1983
1 2600
1 5412
0
0
0
0
1 1299
1 5384
2 546 1711
0
1 1398
0
0
0
0
0
0
0
0
0
0
0
0
0
0
0
0
0
0
0
1 3084
1 4528
1 532
0
1 1943
0
0
0
0
3 3491 3869 4355
0
0
0
0
0
0
0
0
0
1 2710
0
0
0
0
1 4437
0
0
1 734
0
0
0
0
0
1 3543
0
0
1 1716
1 326
1 2386
0
0
0
0
1 5368
0
0
0
2 2046 4561
0
0
0
1 3568
0
2 1670 3791
0
0
0
1 5127
0
0
0
0
1 2367
0
0
2 3521 5002
0
0
1 4553
0
0
0
0
0
0
0
0
1 1140
1 1262
0
0
0
1 5415
0
0
1 4116
0
1 1814
1 4227
0
1 1803
0
0
0
0
0
0
0
0
1 435
0
0
0
0
0
0
0
0
0
1 5354
0
1 2406
0
0
0
0
0
1 4644
0
0
0
0
0
1 2159
1 1131
0
3 2981 3117 3445
0
0
0
0
0
0
0
1 3339
0
0
0
0
0
0
0
0
0
0
0
0
0
0
1 4071
1 5290
0
0
1 4515
1 2848
0
0
1 4139
0
0
0
1 1994
0
0
0
0
1 1376
0
0
0
0
0
0
0
0
0
0
0
0
0
1 5174
0
0
1 2576
0
0
0
0
1 4665
1 2105
1 356
0
0
0
0
0
0
0
0
1 1475
1 1056
0
1 3946
0
0
0
0
0
0
0
0
0
0
0
0
0
2 1823 5031
0
0
2 3439 4555
0
0
0
0
0
0
1 3392
0
0
0
0
0
3 561 3606 3986
0
0
0
0
2 761 982
0
0
0
0
1 4365
0
1 796
0
1 1764
0
0
0
0
0
0
0
0
0
1 4251
0
1 689
0
0
0
0
0
0
0
0
0
1 171
0
0
0
0
0
0
0
0
1 4653
0
0
0
1 3872
1 5054
0
0
0
0
0
0
0
0
0
1 3570
0
0
0
0
0
0
0
1 2944
0
0
0
0
1 1702
1 3837
0
0
0
0
0
0
0
0
1 2255
0
1 4743
0
0
0
0
0
0
0
0
0
0
1 5346
0
0
0
0
0
0
0
0
0
1 2184
0
0
0
0
0
0
1 5307
0
2 3509 3516
0
0
0
0
0
0
0
0
0
0
0
1 3764
0
0
0
0
1 1287
2 1077 3645
0
0
0
1 5469
0
0
0
0
1 151
0
1 5083
0
0
0
0
0
0
0
1 521
0
1 4352
0
0
1 3471
0
1 2261
0
0
0
1 2955
0
0
1 4291
1 3773
0
0
1 1810
0
1 933
0
1 5053
0
0
0
0
0
0
0
1 337
0
1 5364
0
0
0
1 1585
0
0
2 901 3450
0
2 3021 4788
0
0
1 979
0
0
1 4767
0
0
0
0
2 3052 4944
0
0
0
1 3321
0
1 1804
0
0
1 1913
0
0
0
0
0
0
2 2256 4971
0
0
0
1 2952
1 1570
0
1 879
0
1 1096
0
0
0
0
2 2712 3064
0
0
0
0
0
0
0
0
0
0
0
0
0
0
0
0
0
1 3624
0
0
0
0
0
0
1 1924
1 602
2 3923 4771
0
0
0
0
1 4990
0
0
0
0
0
0
0
0
0
0
0
2 3068 4228
0
0
0
1 348
0
1 1433
0
1 2531
0
0
0
0
0
1 3722
0
1 439
0
0
0
0
0
0
0
2 437 1237
0
0
2 1605 4407
0
0
0
0
0
0
0
0
1 3756
0
0
0
0
0
0
0
0
0
0
1 186
0
0
0
2 1704 3939
1 1619
1 5461
0
0
0
0
1 3648
0
0
0
0
0
0
0
0
0
0
0
0
0
0
0
0
0
0
0
0
0
0
0
0
0
0
0
0
0
0
0
0
0
0
1 4627
0
1 856
1 1424
0
0
1 918
2 118 3840
1 4210
0
2 792 2419
0
0
1 3285
0
0
0
0
0
0
0
0
0
0
1 5328
0
0
0
0
0
1 3650
0
2 4226 4334
0
0
0
1 4711
0
3 779 870 3150
0
1 1169
0
0
0
0
0
0
0
0
0
1 1012
0
2 550 2317
0
0
0
0
0
0
0
0
0
0
0
0
0
0
1 427
1 1997
0
0
1 4249
0
0
0
0
1 2975
0
1 4577
0
0
0
1 1718
0
0
1 1430
1 2672
0
0
0
0
0
0
1 3288
0
0
0
0
0
0
1 5524
0
0
0
0
1 1008
0
0
0
0
0
0
0
0
0
0
0
1 3160
0
1 4120
3 2994 3253 3389
0
0
1 1628
0
0
0
0
0
0
1 83
0
1 4638
0
0
0
0
0
0
0
0
0
0
0
1 67
0
1 1842
0
1 1555
0
0
0
0
0
1 2785
1 4522
2 632 4024
0
0
0
2 2711 4893
1 4186
0
0
0
0
1 3472
0
0
1 915
0
0
0
0
0
0
0
0
0
0
0
0
0
0
0
2 1752 4500
0
0
0
0
0
0
0
0
0
0
0
0
0
0
0
1 4237
1 985
0
0
0
4 1796 2825 3076 3089
0
4 2376 2921 3896 5121
0
1 2746
1 3195
1 1201
0
0
1 1042
0
0
1 2878
1 2814
0
0
0
0
0
0
0
0
0
0
0
0
0
0
0
0
0
0
0
0
2 1229 1351
0
2 2244 4674
1 512
0
0
0
1 3015
0
0
0
1 301
0
0
0
0
0
0
0
0
0
1 1490
0
0
0
0
1 104
0
0
0
1 1560
0
0
0
0
0
0
0
1 5289
0
0
0
0
0
1 5333
1 3256
1 2334
0
0
0
0
0
0
1 408
0
0
0
0
1 3678
0
0
0
0
0
0
0
0
1 3671
0
0
0
0
0
0
1 1133
0
1 2071
0
0
0
0
2 2597 3711
0
3 501 1415 2827
0
1 4837
0
1 2943
2 149 1258
0
0
1 4034
2 4439 4556
3 2508 2604 3585
1 2487
1 994
2 248 2553
0
0
0
0
0
0
0
0
0
1 1020
1 2240
0
1 3044
0
0
0
0
0
0
0
0
0
1 4423
0
1 3344
0
0
0
1 3914
0
1 281
0
0
0
1 2275
1 667
0
0
0
0
0
1 3198
0
0
0
0
1 2161
0
1 1525
1 3352
0
0
2 1300 1510
0
1 1186
2 3001 3940
1 4188
0
0
0
0
0
0
0
1 5059
0
0
1 5109
0
0
0
0
0
0
0
1 5431
0
0
0
1 3890
0
0
0
0
0
0
2 3136 4101
0
3 702 2380 4325
0
0
0
0
0
0
0
1 2325
1 1516
1 5175
2 213 3263
0
0
0
0
0
0
2 3817 4388
0
0
1 5239
0
0
0
0
0
1 3399
0
0
0
2 2982 5055
0
1 3169
0
0
0
1 1770
1 111
0
1 6
0
1 3765
0
0
1 4140
0
0
0
1 4314
1 3459
0
0
0
0
0
0
1 3919
0
0
0
0
3 1701 2789 3027
0
2 2469 5070
0
0
0
0
0
0
0
0
1 1174
0
0
0
0
0
0
0
0
0
0
0
0
0
1 1590
1 4441
0
0
0
2 1202 1543
1 4180
2 1458 2754
0
0
2 1001 1135
0
1 4572
0
0
1 1977
0
0
2 2801 5057
0
0
0
0
0
1 3270
0
0
0
0
0
0
2 4873 5385
0
0
1 3580
0
0
0
0
0
0
0
0
0
0
0
1 4048
0
0
0
0
1 823
1 179
1 5277
0
0
0
0
0
1 1636
0
1 829
0
0
0
0
0
0
0
0
0
0
0
0
0
1 1908
0
0
0
2 1519 1993
0
0
1 1075
0
0
0
1 1492
0
0
1 769
1 815
0
0
1 4044
3 1973 3149 4914
0
0
2 788 1463
0
0
0
1 3823
0
1 2253
1 4764
0
0
0
1 3238
0
0
2 1781 3243
0
0
0
1 2796
0
0
0
0
1 5491
1 3513
0
0
0
0
0
1 1132
0
0
1 3058
0
0
0
1 1018
0
0
0
0
1 1944
0
0
0
0
0
0
1 4216
0
1 936
0
0
0
0
0
1 2906
0
1 1375
0
1 4516
0
2 1046 3204
0
0
2 3531 4184
0
0
0
0
0
0
1 4640
1 1514
0
1 4842
1 4440
0
0
0
0
0
0
1 5038
0
1 3775
1 937
0
1 2985
0
0
0
2 2823 3904
2 1274 4200
0
0
0
1 3500
0
0
0
1 3831
0
1 2645
0
0
1 61
0
0
0
0
0
1 5305
1 1936
0
0
0
0
2 2297 3954
0
2 1005 4057
0
0
1 1545
0
0
1 30
2 2888 5532
0
0
0
1 3065
0
0
0
0
0
1 222
1 1948
0
1 671
0
1 1742
0
0
0
0
0
0
0
0
0
0
0
0
0
0
1 5199
0
1 1477
0
0
1 5173
1 257
0
1 4464
0
0
0
0
0
1 1402
0
1 458
0
2 620 1867
0
0
2 3032 5466
0
0
1 3104
1 3798
0
0
0
0
2 2404 4381
0
0
0
0
0
0
0
0
0
0
0
0
0
0
3 1094 3376 4664
0
1 4338
0
0
1 1494
0
1 3612
0
0
2 2113 4054
0
0
0
0
0
0
1 1505
0
0
0
0
1 966
1 1302
0
1 4976
0
0
0
2 876 1736
0
0
0
0
0
2 2889 3419
0
1 803
0
0
0
0
0
0
2 127 307
0
0
1 3071
0
0
1 2914
1 228
0
0
0
0
1 1885
1 4850
0
0
0
0
1 4001
0
0
0
0
0
0
0
1 4298
0
0
0
0
0
0
0
0
0
0
0
0
0
0
0
0
2 3991 5007
1 4695
0
1 2885
0
0
0
0
1 3478
0
0
1 5092
1 2415
0
0
0
0
2 1051 5377
1 3361
0
0
1 2609
0
0
4 1588 2012 2277 3563
2 1292 2016
1 1207
0
0
0
0
0
0
0
0
1 2625
0
1 5263
1 4686
0
0
0
0
0
1 465
0
0
1 2414
0
1 2294
0
1 3871
0
0
0
0
0
0
0
0
1 3224
0
0
0
0
1 4150
0
0
0
0
0
0
0
0
0
0
1 4726
0
0
0
0
0
0
0
1 1743
0
0
2 680 1548
0
0
0
0
0
0
1 701
0
0
0
0
0
1 3146
1 2515
0
0
0
0
0
1 4785
0
1 4166
1 2066
0
0
1 3599
0
0
0
0
0
0
1 2307
1 1661
0
1 1838
0
0
1 1854
0
0
0
0
0
0
0
0
0
1 1856
0
0
1 686
0
0
0
1 3888
1 4678
0
0
0
1 2124
0
0
0
0
0
1 4992
0
0
0
0
1 3366
0
0
2 2230 2959
0
1 4706
0
1 2207
0
0
0
0
1 3395
1 2933
1 5231
0
1 3207
0
0
0
1 2522
0
0
0
0
0
0
0
0
0
0
0
0
0
1 1724
0
0
0
0
0
0
3 120 1970 4498
0
0
0
0
0
0
0
0
1 5537
2 2908 4989
0
1 3657
1 1741
1 4890
0
0
0
0
0
1 4594
1 2153
0
1 2936
0
0
0
0
0
0
0
0
0
1 1827
0
0
1 4232
0
0
0
0
0
0
1 4363
0
0
0
0
2 2084 5278
0
0
0
1 2499
1 5086
0
0
0
0
0
0
0
0
1 2173
0
1 207
0
0
0
0
0
0
0
0
0
0
0
0
0
0
0
0
1 2682
0
1 2119
0
0
0
2 1504 5487
0
0
0
0
0
1 4322
0
0
0
0
0
0
0
0
0
0
0
1 5167
0
1 8
0
0
0
0
0
0
0
1 5440
1 1286
2 3536 4761
1 5028
0
1 4877
1 1197
1 4544
0
0
0
1 3003
0
0
0
0
0
2 4554 4645
0
0
1 2900
1 3730
0
0
0
0
0
2 2268 3163
1 5500
0
0
0
1 830
1 2412
0
0
0
0
0
1 3906
0
0
1 463
1 2031
2 2363 2918
0
0
0
0
0
0
0
0
1 478
0
0
0
1 2086
0
0
0
0
0
0
0
0
0
0
0
1 1309
0
1 3948
0
1 1233
0
0
1 2768
0
0
1 3643
0
0
0
0
0
1 2880
0
0
1 2663
0
1 2342
0
1 3101
0
0
0
0
0
1 4796
0
0
1 1865
0
1 3557
0
0
0
0
0
0
0
1 4233
0
0
0
0
0
0
0
2 79 3107
0
0
0
1 152
0
1 693
2 1776 2928
0
2 470 1025
0
0
0
1 3384
0
2 1971 3655
0
0
0
0
0
0
0
0
0
0
0
0
1 507
0
0
0
2 1088 3291
0
0
0
0
1 4257
2 11 4189
0
1 3841
2 3004 3374
0
0
0
0
0
3 113 2196 3702
0
0
0
0
0
0
0
0
1 4020
0
0
0
0
0
1 3663
0
0
1 4397
1 1361
0
2 3240 4183
1 289
0
0
0
1 2360
2 1278 4090
0
0
0
0
0
0
0
1 5545
0
0
0
0
0
0
0
0
0
0
1 5279
1 5115
1 2856
0
0
1 1076
0
1 2797
1 5427
0
1 1773
0
0
0
0
1 1989
0
0
1 141
2 1037 5304
0
1 153
1 4656
0
0
0
0
0
0
0
0
0
0
0
1 4091
0
1 1154
0
0
0
0
0
0
0
1 1167
0
0
0
1 3171
0
0
0
3 1952 2688 3489
0
0
0
1 349
0
0
0
1 705
0
0
0
0
1 5129
0
0
0
0
0
1 150
0
1 1683
0
0
0
0
0
1 1920
1 319
1 5357
1 5352
0
0
1 1295
0
1 3589
0
0
1 2721
0
0
0
0
0
1 1965
0
1 2467
0
0
0
0
1 1481
0
0
0
1 5347
0
1 2048
0
0
0
0
0
0
0
2 611 3733
0
1 4792
0
0
0
1 3380
0
0
0
0
0
0
1 3379
1 3614
0
0
1 3822
0
0
0
0
0
1 780
1 2273
0
0
6 19 327 2100 3618 3636 5138
0
0
0
1 3231
0
1 999
0
0
0
1 4279
0
0
0
0
0
0
0
1 2476
1 3438
0
0
0
1 1580
0
0
1 5243
0
0
1 1710
0
0
1 5096
0
0
0
1 1717
0
0
1 4462
0
0
0
0
0
0
1 360
0
0
0
0
0
0
0
0
0
0
0
0
0
0
0
0
1 2670
1 68
0
0
0
0
0
1 475
0
0
0
0
0
0
0
0
0
0
0
1 5219
0
0
0
0
0
0
0
0
0
1 3642
0
0
0
0
0
0
0
0
0
0
0
0
0
1 5048
0
0
0
0
0
1 648
0
0
0
0
0
0
0
0
0
0
0
0
0
0
0
0
0
0
0
0
0
0
0
0
0
0
0
0
0
1 1359
0
0
1 1224
0
0
0
0
0
0
1 2420
0
0
0
0
0
1 3541
2 2835 4349
1 2693
1 1608
0
1 4838
0
1 5458
0
0
0
0
0
0
0
0
0
0
0
1 1160
0
0
1 3333
0
1 5505
0
0
0
1 5191
1 493
0
1 3788
0
0
0
1 5247
0
0
1 1255
1 3999
0
0
0
0
0
0
1 2926
0
0
0
0
0
0
1 4070
0
0
0
0
0
0
0
0
0
0
0
0
1 5485
0
0
0
0
0
0
0
0
0
0
1 2044
0
1 3959
0
2 1425 2264
0
0
1 2040
3 1225 2631 3037
0
0
0
0
1 2454
1 1876
1 3053
0
0
3 939 1307 5050
1 2133
1 3020
0
0
2 4064 4715
0
2 2957 3566
0
0
0
0
1 441
0
0
0
0
0
1 4478
0
1 2375
0
1 4962
0
0
1 928
1 1243
0
0
1 62
0
0
0
0
1 3790
0
0
0
0
0
0
0
0
1 497
1 2143
0
0
0
0
1 447
0
0
0
0
0
0
0
0
0
0
0
2 5145 5503
0
0
0
0
0
0
0
0
3 970 2041 3936
2 630 5264
0
1 305
0
0
0
0
0
0
0
0
0
0
0
0
0
2 3208 3739
1 4467
0
0
0
0
0
2 3259 4570
0
0
0
0
0
0
1 2208
0
2 1832 2729
0
0
0
0
0
0
0
0
0
0
0
0
0
1 962
0
0
0
0
0
0
0
2 567 4584
1 2795
0
0
0
1 2464
0
0
0
0
0
0
0
0
0
0
1 613
2 317 1378
0
0
0
0
0
0
0
0
0
0
2 510 4043
0
0
0
0
0
0
0
0
0
0
0
0
0
0
1 1911
1 3151
0
0
1 181
1 4151
0
0
1 4772
0
0
1 3815
0
1 3147
1 1756
0
0
0
0
0
0
0
0
1 178
1 5372
0
0
0
0
0
0
0
1 2578
0
1 987
0
0
0
0
0
0
0
0
0
0
0
0
1 2279
0
1 2577
1 3845
0
0
0
0
0
0
1 1036
0
1 2497
0
0
0
1 2441
0
0
0
0
0
0
1 1852
0
0
0
0
1 3942
0
0
1 4752
0
0
0
0
1 4793
0
0
0
1 5332
1 3292
0
0
0
0
1 556
0
0
0
0
0
1 989
1 3178
0
0
0
1 3652
2 628 3202
1 2054
0
0
0
0
1 954
0
0
0
0
0
0
1 1158
0
1 3144
0
0
1 5128
0
0
1 5512
1 763
0
0
0
0
0
0
0
0
0
0
0
0
0
0
0
0
0
0
0
1 2480
1 1054
0
1 1759
0
0
0
1 4144
0
0
0
0
0
1 781
0
0
0
0
0
0
0
1 2004
0
0
0
1 2401
0
1 5470
1 817
0
0
0
0
1 2741
1 5369
0
0
0
0
1 5226
0
0
1 5004
0
0
0
0
0
0
0
0
0
0
0
0
0
0
0
0
1 2023
0
0
0
0
0
0
1 4078
0
1 4309
0
0
0
1 3211
0
0
0
0
0
0
0
1 1935
0
0
2 1337 2648
0
0
0
1 1882
0
0
0
0
0
1 3996
1 4952
0
1 4523
1 3601
0
0
0
1 5267
1 963
0
1 4487
0
2 3182 4921
0
0
0
1 3916
1 3517
0
0
0
1 369
0
0
0
0
0
0
0
0
0
0
1 1629
0
0
0
0
0
0
0
0
0
1 4867
0
0
0
0
0
0
0
0
1 1426
0
0
0
1 4860
0
0
0
0
0
0
0
0
1 2437
0
0
0
0
0
1 2093
0
0
0
0
0
0
0
0
1 1732
0
0
0
1 2556
0
0
0
0
0
0
0
0
0
0
1 2786
1 1050
0
0
0
0
0
0
0
0
1 3582
0
0
0
0
1 744
0
0
0
1 1529
0
1 2339
0
0
2 2527 4132
0
0
0
0
0
0
3 542 2535 5425
1 1058
0
0
0
0
2 1760 4315
0
0
0
0
0
0
0
0
0
1 898
1 3009
0
0
0
1 4942
0
0
0
0
0
0
0
0
0
0
0
0
0
1 180
0
1 2787
0
0
0
1 1367
0
1 1113
0
1 4734
0
0
0
1 271
0
0
0
0
0
1 5108
0
0
1 3100
0
0
0
0
0
0
0
0
0
0
0
1 3859
0
0
0
0
1 314
1 1847
0
0
0
0
0
0
0
0
0
0
1 4326
1 4786
1 4658
0
1 5376
1 4092
0
0
0
0
0
1 3223
0
0
0
1 2668
0
0
2 242 2209
0
0
1 4088
2 3341 3391
0
0
0
0
0
0
1 5528
0
0
0
1 2759
0
0
0
0
0
0
0
0
3 334 1322 4421
1 1893
0
0
0
1 1108
0
0
0
0
0
0
0
0
1 4284
0
0
0
0
0
0
0
0
0
0
0
0
0
0
0
0
0
1 1294
1 1673
0
0
0
0
0
0
0
1 4682
0
0
0
2 959 4426
0
0
0
0
1 4896
0
0
1 3260
0
0
0
1 3499
1 2340
0
0
1 2191
0
0
0
1 947
0
1 5010
1 932
0
1 911
0
1 3085
0
2 1240 2432
1 560
0
0
3 1853 4138 5322
0
0
1 3984
0
1 3571
0
1 2408
1 424
0
0
0
0
0
0
0
0
2 254 1792
1 4924
0
0
0
0
1 4583
0
0
0
0
1 925
1 695
0
0
1 1456
1 4297
1 4685
1 77
0
0
0
0
0
1 2993
1 1126
0
0
0
0
0
0
0
0
0
0
0
1 4465
2 651 1957
0
1 2259
0
0
1 2904
2 426 5353
0
0
1 1754
0
0
0
0
0
1 878
0
0
0
0
0
2 1444 4814
0
1 728
2 365 4854
0
0
0
0
1 2905
0
0
2 1396 4446
0
0
1 4376
1 4725
0
0
0
1 1439
0
1 2466
0
0
0
0
0
0
0
0
0
0
0
0
0
0
0
0
0
0
0
0
0
1 129
0
0
0
0
0
1 1955
0
1 2850
0
0
0
1 5080
0
0
2 3575 3883
0
0
1 2599
0
1 2988
0
0
0
0
0
0
0
1 3562
0
0
0
0
0
0
0
0
0
2 420 5465
0
0
0
0
1 5281
0
0
2 3377 4097
0
0
0
2 3338 4520
0
0
0
0
0
0
3 3222 3300 5501
0
0
0
0
0
0
0
1 5172
0
0
1 4484
0
0
0
1 2115
0
0
0
0
0
0
0
0
0
3 243 2677 2984
0
0
2 122 4919
0
0
0
1 33
0
0
0
0
0
0
0
0
0
1 5311
0
0
0
0
0
0
0
1 4081
0
0
0
1 3196
0
0
0
0
0
0
0
0
0
0
1 3440
0
0
0
0
0
0
0
4 2388 3985 4646 4973
0
1 2180
0
0
0
0
0
1 5105
0
0
0
0
0
0
0
0
0
0
0
0
0
0
0
0
0
0
0
0
0
0
0
0
0
0
2 4687 4988
0
1 3088
0
0
0
0
1 4547
0
0
0
1 3863
0
0
0
0
0
0
1 1768
0
0
1 5348
0
0
0
0
0
0
1 4521
0
0
1 1263
0
0
0
1 555
0
0
0
1 3828
0
0
0
0
0
0
1 1066
0
0
0
0
0
0
1 4317
1 2590
0
0
0
0
0
0
0
0
0
0
0
0
0
0
0
0
0
1 4096
0
0
0
0
0
0
0
0
0
0
0
0
0
0
0
0
0
1 1374
0
0
1 888
0
0
0
0
0
0
0
2 1549 3200
0
0
0
0
0
0
0
1 4141
1 1310
0
0
0
0
0
1 735
0
0
1 3316
0
1 2102
0
0
1 373
0
1 2290
0
0
3 773 2714 3740
0
0
0
0
0
0
0
0
1 2483
1 1790
0
0
0
0
1 5222
0
0
0
0
0
1 5090
0
0
0
0
1 469
0
0
0
3 4696 4966 5019
0
0
0
0
0
0
0
0
0
0
0
2 1699 3836
0
0
0
0
0
0
0
0
0
0
0
0
2 2296 4114
0
0
0
1 4327
0
0
0
0
0
0
0
0
1 1762
0
1 3122
1 2839
0
0
0
0
0
0
0
1 1511
0
0
0
0
0
0
0
0
1 3199
0
1 1506
1 15
1 4776
0
0
2 2025 3874
0
0
1 3189
1 5156
0
0
0
1 2029
0
0
1 1101
3 698 1003 5430
1 4970
1 5205
0
1 3705
0
0
0
0
0
0
1 1959
0
0
0
0
0
2 738 5408
0
0
0
0
0
1 5417
0
1 182
0
0
0
0
0
0
0
1 2860
0
0
0
0
2 203 5494
0
0
1 393
0
0
0
0
0
0
0
0
0
0
0
1 2295
1 2966
1 2924
1 3063
1 2229
0
2 3588 4072
0
0
0
0
0
0
0
0
0
0
0
0
1 5136
0
0
0
0
0
0
0
0
1 1372
0
0
0
1 4229
0
0
0
0
1 2212
0
0
0
0
0
0
0
0
0
0
0
0
0
0
0
0
0
0
0
0
1 395
0
0
0
1 5398
0
0
0
0
0
0
0
0
0
0
0
0
0
0
0
0
0
0
0
1 2322
1 2047
1 5039
1 5166
0
0
0
0
0
0
0
1 4621
1 572
1 1666
0
0
0
0
0
1 2269
1 4918
0
0
1 4286
0
0
1 1078
0
0
0
0
0
0
0
0
0
0
0
0
0
0
0
1 4847
0
0
0
1 5072
0
0
0
0
1 5208
0
0
0
0
1 385
0
0
0
0
0
0
0
0
0
0
0
0
1 4508
0
0
1 1813
0
0
0
0
0
1 2552
0
0
1 2947
1 436
0
0
0
0
1 5123
0
0
0
0
0
2 394 2922
0
0
0
1 2257
1 4243
0
0
0
1 468
0
0
0
0
0
0
0
0
1 2448
0
0
0
0
1 4383
0
0
0
0
0
0
0
0
0
1 4870
0
0
0
0
0
0
0
0
0
0
0
0
0
0
0
0
1 3578
0
1 5015
1 1512
0
0
0
0
0
0
1 479
0
0
0
2 3365 4318
0
0
0
0
0
0
0
0
0
1 3422
0
2 2780 4974
0
0
0
0
0
0
1 945
1 3674
0
0
0
0
0
0
1 5102
0
0
1 3792
0
0
0
0
0
0
0
0
1 76
0
0
1 1739
1 1566
0
1 268
1 3595
0
0
0
0
0
1 362
0
1 3519
0
1 4801
0
0
2 185 5204
2 2708 3241
1 2732
0
0
0
0
0
0
0
0
0
0
0
1 4113
0
0
0
0
0
0
1 527
0
0
0
1 3709
1 4596
1 3483
0
0
1 1469
2 2118 2920
0
1 4223
1 3523
0
0
0
0
3 2346 4109 4677
0
0
3 190 1652 2213
2 777 2876
0
0
0
2 131 4878
0
0
0
1 4502
0
0
2 692 5416
1 2037
0
0
0
0
0
1 5488
0
0
1 460
0
1 3152
0
0
0
0
0
0
0
2 5035 5067
0
0
0
0
0
0
0
0
0
0
1 2779
0
0
0
0
1 472
1 2251
1 5359
1 3108
1 4430
1 4129
0
0
0
2 2977 3441
0
0
0
0
1 3763
0
0
0
0
0
0
1 606
0
0
0
1 3378
0
0
0
0
0
1 2983
0
0
0
1 2110
0
0
0
0
1 4247
0
0
0
1 3007
0
0
0
0
0
0
0
0
0
0
1 4943
1 4683
1 2560
1 2308
0
0
0
0
0
0
0
0
0
1 2845
0
0
0
0
1 927
1 3161
0
0
0
0
0
0
0
0
0
0
0
0
0
0
0
0
1 1708
0
0
1 1794
0
0
0
0
0
0
0
1 3660
0
0
0
0
0
0
0
0
1 5020
0
0
0
1 130
0
1 627
0
0
0
0
1 5082
0
1 1092
0
1 3781
2 2636 3717
1 3613
0
0
0
0
0
0
0
0
0
2 2964 3269
0
0
1 1465
0
0
1 3838
0
0
0
1 4266
0
1 1834
0
1 4903
0
2 121 1986
0
0
0
0
1 58
2 1117 3290
0
0
0
0
0
0
0
0
0
0
0
0
0
0
0
0
0
0
1 5549
0
0
1 775
0
0
1 2893
0
1 3317
0
1 3899
0
0
1 2874
1 4902
0
0
0
0
0
1 4765
0
0
0
1 1931
1 4956
0
0
0
0
0
0
0
0
1 2147
0
0
0
0
0
1 4162
0
0
0
0
0
0
0
1 5149
1 4934
0
0
0
0
0
0
0
0
1 92
0
0
0
0
0
0
0
0
0
0
0
0
0
0
0
0
0
1 4179
1 4607
0
1 4586
0
1 3302
0
0
1 785
0
0
1 3879
1 3843
0
1 865
0
0
0
1 3735
0
0
1 2217
0
0
1 4252
0
0
1 5276
0
0
2 225 843
0
0
0
1 4565
0
0
0
1 5502
0
0
1 1841
1 2104
0
0
1 3719
0
1 1397
0
0
0
0
0
0
0
0
0
0
0
0
0
0
0
0
1 3628
0
0
0
0
0
0
0
0
1 4409
0
0
0
0
0
0
0
0
0
0
0
0
0
0
0
0
0
0
1 4690
0
0
1 3893
0
0
1 1124
1 3661
0
4 2057 2802 4106 4589
2 4432 4861
0
1 2937
1 2379
0
1 2142
0
0
0
1 3006
0
0
1 784
2 2324 4742
0
0
3 707 3510 4758
0
0
0
1 1476
4 78 1632 3995 5118
1 2443
1 2709
0
1 1821
0
0
0
0
2 302 2144
0
1 2821
0
1 2681
2 862 3584
1 3829
1 1547
1 2092
2 2849 3928
1 712
0
0
0
1 771
0
1 2285
0
3 1601 2605 4111
0
1 1991
1 1861
0
0
1 871
0
2 1203 3358
2 2551 5496
2 1551 4169
0
1 4255
1 2175
1 3464
0
1 3461
0
0
1 1017
0
0
0
0
0
1 3868
0
1 4651
1 1100
1 3388
1 3261
3 1107 2188 4509
1 3249
2 1313 4248
0
0
2 2125 2394
1 658
0
2 1503 4857
0
0
0
1 4443
0
0
0
0
0
0
0
0
0
0
0
0
1 2740
2 4011 5103
0
0
0
0
0
1 5254
1 3680
3 1676 4900 5025
0
0
3 342 488 2214
3 576 1464 1658
0
0
1 694
0
0
0
0
0
1 4961
1 1213
1 2345
0
0
0
0
0
0
0
0
0
1 4582
2 3665 4571
0
2 654 4610
0
0
0
1 4716
1 4384
1 3860
1 4822
0
0
0
0
2 2181 4460
0
0
0
0
0
0
0
0
2 306 5486
0
0
0
0
0
0
1 4874
0
0
1 2218
0
0
0
0
0
0
1 4996
0
1 2426
1 2652
0
1 1334
0
1 1598
0
0
0
0
0
0
0
0
0
0
0
0
1 4283
0
0
0
0
0
0
0
0
0
0
0
0
0
2 473 1966
2 890 3761
0
0
0
0
0
0
0
0
3 2082 2206 5484
0
1 1349
0
0
0
0
0
1 165
0
0
2 4124 4606
0
1 4599
0
1 455
0
0
0
1 4906
1 5298
0
0
1 996
0
0
0
1 3131
0
1 2753
0
0
0
0
0
0
0
3 1227 1308 3039
0
1 2433
0
0
0
1 3019
1 2720
0
0
1 4065
0
1 66
0
0
0
0
0
0
0
0
1 204
0
0
1 239
0
0
0
0
0
1 2243
0
1 2863
0
0
0
0
0
1 2053
0
1 1648
1 2335
0
2 296 2852
0
0
0
1 3435
0
0
1 4787
0
0
0
0
0
0
0
0
0
1 2998
0
1 4068
0
0
0
0
0
0
0
0
0
3 1487 2343 4268
1 864
0
1 4558
0
1 1366
0
0
0
0
0
1 3818
0
0
0
0
0
0
0
0
3 2788 3766 4898
0
3 3031 3349 4915
0
0
0
0
0
0
0
2 2252 4559
0
0
2 4681 4759
0
0
1 2923
0
0
0
1 4713
0
1 1417
0
0
0
1 1387
0
0
0
1 336
1 1508
0
0
0
1 1104
0
0
0
0
0
1 980
1 1247
3 1410 3397 4913
0
0
0
0
0
2 200 3230
1 1891
3 1257 2283 2867
0
0
0
0
0
0
1 4649
0
0
0
0
0
0
0
0
0
0
1 3951
0
0
0
0
0
0
0
0
0
0
0
0
0
0
0
0
0
0
0
0
1 453
0
0
0
0
0
0
0
0
1 2586
0
0
0
1 517
0
0
1 4882
0
0
0
0
0
0
0
0
2 1383 2457
0
0
0
1 3849
0
0
1 3062
0
1 2270
0
0
0
0
0
0
0
0
0
0
0
0
1 1329
0
0
1 3359
0
1 3558
0
1 1933
0
0
1 5176
0
1 2452
0
0
0
0
0
0
0
1 3056
0
0
0
0
0
0
0
1 4360
0
0
0
0
0
0
1 1680
0
0
0
0
2 588 4946
1 3023
2 2062 2630
0
0
0
1 2293
1 4299
5 279 969 4602 5043 5442
0
0
0
1 3135
1 1484
0
0
0
1 4546
0
0
1 1530
0
0
0
1 1855
0
0
1 2895
0
0
0
0
0
2 2352 3737
0
0
0
1 2366
0
0
0
1 5248
0
0
0
0
0
0
1 2493
0
1 2267
0
0
0
0
0
0
0
0
0
0
0
0
0
1 4241
1 731
0
2 1483 2916
0
1 4931
0
0
0
2 297 1984
0
0
0
0
0
0
0
0
1 4832
0
1 4416
1 2667
0
1 1595
0
0
0
0
1 4888
0
0
0
0
0
2 635 4984
0
0
0
0
0
0
1 480
0
1 2704
0
0
0
0
0
2 1735 3592
0
0
0
1 3005
1 3992
0
0
0
0
0
0
2 1022 1901
0
0
0
0
0
0
0
0
0
0
0
0
0
0
1 860
0
0
0
1 3383
0
0
0
2 5212 5489
0
0
0
0
0
0
1 5000
1 4511
0
0
0
1 747
0
0
0
0
0
0
1 2205
0
0
0
0
0
1 3213
0
0
0
0
1 3067
0
1 1922
0
0
0
1 3322
0
0
0
0
0
0
0
0
1 4532
0
0
0
2 60 1631
0
0
0
0
0
0
0
0
0
1 4274
0
0
0
1 1626
0
0
0
0
1 1137
0
0
0
0
0
0
0
0
0
0
0
0
0
0
0
0
1 3348
1 4815
0
1 1447
0
0
0
0
0
1 1035
0
1 2503
0
0
0
0
0
0
0
0
0
0
1 786
1 4163
0
0
1 1079
0
0
1 540
0
0
0
0
0
0
0
0
0
0
0
0
0
0
0
0
0
1 5262
0
0
0
1 376
0
0
1 3632
2 1597 1786
0
1 2111
0
0
0
0
0
1 2274
0
0
0
0
1 2313
1 549
0
0
0
0
1 57
0
0
0
0
0
0
1 2396
0
0
1 1859
0
0
0
0
0
0
0
0
0
0
1 3846
0
0
2 2387 5504
0
1 3649
0
0
0
0
0
0
0
1 3446
0
0
0
0
0
0
0
1 1657
1 2312
0
0
0
1 740
0
0
0
0
0
0
0
0
0
0
0
2 277 3248
0
1 2474
0
0
0
1 3526
0
0
1 3754
0
0
0
0
0
0
0
0
0
0
0
0
0
0
0
2 2582 5084
1 1655
1 2020
0
0
1 5214
0
0
1 5101
0
1 2623
0
0
0
0
0
0
0
1 1728
0
1 4737
0
0
0
0
0
0
0
1 1878
2 328 3813
1 3320
0
0
0
0
0
0
0
0
0
0
0
0
0
0
0
0
5 1627 2505 4672 5283 5325
1 3217
0
1 1403
0
0
0
0
0
0
0
0
0
0
0
0
0
2 2519 2538
0
0
0
0
1 1940
0
0
0
0
0
1 403
1 1808
0
0
0
0
0
0
0
1 1640
0
0
0
0
1 1364
0
0
0
0
0
0
0
0
0
0
0
1 1220
0
0
0
0
0
1 2403
0
0
0
0
0
0
0
1 2221
0
0
0
0
0
1 941
0
0
0
0
0
0
0
0
0
0
0
0
0
0
0
0
0
0
0
0
0
1 3038
0
0
1 2151
0
0
1 4448
0
0
0
0
0
1 2995
0
0
1 4533
1 5075
0
1 2676
3 126 3186 5447
0
0
0
0
0
0
0
0
0
1 5530
0
0
0
0
0
0
0
0
0
0
0
0
0
0
0
0
0
0
0
0
1 5456
1 3524
0
0
0
1 3799
0
0
0
0
1 653
0
0
0
0
0
1 1147
0
0
0
0
0
0
0
0
0
0
0
0
1 5023
0
0
0
0
0
1 4802
1 3897
2 850 2873
0
0
1 449
0
0
0
0
0
0
0
0
0
0
0
0
1 4628
0
2 895 1537
0
0
0
0
0
0
1 1684
0
0
0
1 4308
0
0
0
0
1 984
0
0
0
0
0
1 467
0
0
0
1 2699
2 246 5256
0
0
0
0
0
0
1 5100
0
0
0
0
0
0
0
0
0
0
0
0
0
0
0
0
0
0
0
0
0
0
0
0
0
0
0
0
0
0
0
0
0
0
3 386 391 3634
0
0
1 2683
0
1 639
1 357
0
0
0
0
0
0
0
0
0
0
0
0
0
0
0
0
1 802
0
0
0
0
0
0
1 1230
0
0
0
0
0
0
0
3 429 3010 3787
0
1 382
1 462
0
0
0
1 1112
0
0
0
1 3265
1 3908
0
0
0
0
0
0
0
0
1 4390
0
1 649
0
0
0
0
1 1343
0
0
0
1 1980
0
0
0
0
0
0
0
1 5445
0
0
0
0
0
0
0
1 5371
0
0
0
0
0
0
0
0
1 2320
0
0
0
0
0
0
0
0
0
0
1 4207
1 4182
0
0
0
1 5134
0
0
0
1 2807
0
0
0
0
1 5401
1 3615
0
0
0
1 1894
0
0
0
0
0
1 2783
1 1603
0
0
2 1152 4479
0
0
1 4103
1 3681
0
0
0
0
0
0
0
0
0
0
1 3047
0
0
0
0
0
0
1 1921
0
0
0
0
0
0
1 5395
0
0
1 4127
0
0
0
0
0
0
1 610
0
0
0
1 3881
0
0
2 1712 2635
2 187 379
0
0
1 3511
0
0
0
0
0
0
0
1 389
0
1 770
2 1664 3774
1 5187
0
0
0
0
0
0
0
1 5300
0
0
1 4168
0
0
1 227
0
0
0
0
1 487
0
0
0
1 4611
2 2930 5330
0
2 2974 5499
1 3495
0
0
0
0
0
0
0
0
0
2 4620 4863
0
0
0
0
0
0
1 1951
2 1972 2965
0
0
1 4042
1 4858
0
0
0
0
0
0
0
2 2378 3903
0
0
0
0
0
0
1 5093
0
0
0
0
0
0
0
0
0
1 3752
1 1010
0
0
1 1083
1 3937
0
1 3679
0
0
0
0
0
0
0
1 1184
1 1691
1 0
1 4871
1 5051
0
0
0
0
0
0
0
0
0
0
0
0
0
0
0
0
2 3112 4853
0
0
0
0
1 3311
0
0
0
0
0
3 1614 2882 3590
0
1 1635
1 955
1 4780
0
0
0
0
0
0
0
0
0
0
0
0
0
0
0
0
1 2091
0
0
0
0
0
0
2 814 4736
0
0
0
1 3075
0
0
0
0
0
0
0
0
0
1 5443
0
0
1 3950
0
0
0
0
1 412
0
1 5308
0
0
0
0
1 1080
0
0
0
0
0
0
0
1 1407
0
0
1 128
1 1996
0
0
2 74 5113
1 341
0
0
0
0
0
0
0
0
0
1 2706
0
0
0
1 1836
0
0
0
0
0
0
0
0
0
1 273
0
2 2847 5150
0
0
1 3747
1 5479
0
0
0
0
0
0
0
0
0
1 2592
1 4204
0
0
0
0
0
1 1962
0
1 4622
0
0
0
0
0
1 2266
3 3093 3386 5299
0
1 2484
0
0
0
0
0
0
1 3401
2 4525 5272
0
0
0
1 3786
0
0
0
2 2738 5490
0
0
0
0
0
0
0
1 5132
2 789 3110
0
0
0
0
0
0
2 361 2654
0
0
0
0
0
1 1432
1 2770
0
0
0
0
0
0
0
0
0
0
0
0
0
0
0
0
0
0
0
0
0
0
1 2122
0
0
0
0
0
0
0
0
0
0
0
0
0
0
0
0
0
0
0
0
0
0
0
1 2171
0
0
0
0
1 4655
1 835
0
0
0
0
0
1 4506
1 3816
0
0
0
1 5037
2 2776 3757
1 1491
1 4897
0
0
1 2963
1 2428
0
1 5548
0
0
0
0
0
0
0
0
0
0
0
0
0
0
0
0
0
1 4769
0
0
0
0
0
0
0
0
0
0
0
0
0
0
0
1 2719
1 3080
0
1 4007
2 976 4807
0
0
0
0
0
0
1 5189
0
0
1 1806
0
0
0
0
0
0
0
0
0
0
0
0
0
0
1 535
0
0
0
0
1 500
0
0
0
0
1 4659
2 4294 4514
1 4503
2 846 1643
1 4187
0
0
0
0
0
0
0
1 4491
0
1 757
0
0
0
0
0
4 252 1452 3035 4917
2 3025 3744
0
0
0
0
0
1 1385
0
0
1 3137
0
0
0
0
1 4130
0
0
0
0
0
0
0
0
0
0
0
0
0
1 2639
0
0
0
0
0
0
0
0
0
0
1 3420
0
0
0
0
0
0
2 1820 4660
0
1 3277
0
0
2 2090 5478
1 1976
0
0
0
2 2327 3470
0
0
0
0
0
1 4143
0
0
0
0
0
0
0
1 2826
0
0
0
0
0
0
1 4095
0
0
1 3427
0
0
0
0
0
1 2836
0
0
1 1998
0
0
0
0
0
1 411
0
0
0
0
0
1 981
0
0
0
0
1 750
0
0
0
2 3721 4545
0
0
0
0
0
0
2 2013 5344
0
1 372
0
0
0
0
0
0
1 3605
0
1 4975
0
1 3126
0
0
0
0
0
0
2 2235 4408
0
1 593
1 2126
1 2518
0
0
0
1 4982
0
0
0
0
0
0
0
0
0
0
0
0
0
0
0
1 4692
0
0
1 2491
0
0
0
0
0
0
1 64
0
0
1 1030
0
1 2549
0
0
0
0
0
1 3819
0
0
0
1 3425
0
0
0
0
0
0
0
0
0
0
0
0
0
0
0
0
1 69
0
0
0
0
0
0
0
0
0
0
0
0
0
1 288
0
0
0
0
0
0
0
0
0
1 38
0
1 4936
0
1 1620
0
0
0
0
1 2580
0
0
0
0
0
0
0
0
0
0
1 652
0
0
0
1 2646
1 816
0
0
2 1703 3034
2 4231 5318
0
1 983
0
1 681
0
0
1 2680
0
1 3635
0
1 3355
0
0
2 1443 2390
0
0
0
0
0
0
0
0
0
0
0
0
2 859 4236
0
0
0
0
0
1 5339
1 145
0
0
1 2306
0
0
0
2 2665 3109
0
1 753
1 5036
0
0
0
0
0
2 140 3070
0
0
1 704
0
0
1 3572
0
0
0
0
0
0
0
0
0
0
0
0
0
0
0
1 3676
0
1 117
0
0
1 1895
0
0
1 3693
0
0
0
0
0
0
0
0
0
1 877
0
0
0
1 237
0
1 206
0
0
0
0
0
0
1 4493
0
2 2203 4080
0
1 2034
0
1 143
0
0
0
0
2 1350 2286
1 1297
0
0
0
1 1953
0
0
0
0
0
2 3548 3621
0
0
1 3173
0
0
0
0
0
0
0
0
0
1 2435
1 4128
0
0
0
0
0
0
0
0
0
0
0
0
0
0
0
0
0
0
0
0
0
0
0
0
0
0
0
0
0
0
0
0
0
0
0
0
0
0
0
0
2 1027 3577
0
1 416
2 1930 2314
0
0
0
0
0
0
0
1 4926
1 2700
0
0
2 3714 4895
0
0
1 1550
1 201
0
0
1 3994
0
0
0
0
0
0
0
0
0
0
0
2 2486 4688
0
0
0
0
0
0
0
0
0
0
0
0
0
0
0
2 1401 1927
0
0
0
0
0
1 344
0
0
0
0
0
0
0
0
0
0
0
0
0
0
0
1 822
0
0
1 4342
0
7 1144 2716 3237 3726 3962 4263 4844
0
0
1 4949
0
0
0
0
0
0
0
0
0
0
0
0
1 4023
0
0
0
0
0
0
0
0
0
0
0
0
0
0
0
0
0
0
1 1139
0
0
1 3363
0
1 1493
0
0
0
1 4768
0
0
0
0
0
0
0
0
0
0
0
0
0
0
0
0
1 498
0
0
0
0
2 2156 4468
0
0
0
1 4002
1 990
0
1 1070
0
0
0
1 1212
0
0
0
0
0
0
0
0
1 2554
0
0
0
0
0
1 3423
0
0
0
0
0
0
0
0
0
0
0
0
0
0
0
1 2271
0
1 4703
1 2992
0
0
0
0
0
2 278 2481
0
0
0
0
0
1 4260
0
1 2440
0
0
0
0
0
1 545
0
0
0
0
0
0
0
0
0
0
0
0
0
0
0
1 2489
0
0
0
0
0
1 3280
0
0
1 714
2 5200 5331
0
0
0
1 3886
0
0
0
0
0
0
0
0
0
0
0
0
0
0
0
0
0
0
0
0
0
0
1 4339
0
0
1 1338
2 3334 4333
0
0
0
0
0
0
0
0
1 618
1 1467
0
1 1239
0
0
0
1 2015
0
1 3219
1 3623
0
0
0
0
0
0
0
0
0
0
0
1 2176
0
0
0
1 5471
0
0
1 3220
0
0
0
0
1 715
0
0
0
0
0
0
0
0
0
0
0
0
0
0
3 2509 2637 3997
0
0
1 4741
0
0
0
0
0
0
0
0
0
0
0
0
0
0
0
0
0
0
0
0
0
0
0
2 2651 5473
1 195
1 2956
0
0
0
0
2 821 2019
1 1431
3 1214 1722 4149
0
0
0
0
0
0
0
0
0
0
0
0
0
1 2131
1 1617
0
0
0
0
0
0
0
0
0
0
2 311 484
1 3741
0
0
0
0
0
1 4176
0
0
0
0
0
0
0
0
0
0
0
0
0
0
0
0
0
0
0
0
0
1 881
1 3299
1 2280
1 2742
1 2725
0
1 2014
0
0
0
1 1659
0
0
0
0
0
1 1344
0
0
1 2730
0
0
0
0
0
0
0
0
0
1 1565
0
2 3581 4285
0
2 1480 4351
0
1 552
0
0
0
2 2859 4087
0
0
0
1 1269
0
1 598
0
0
0
0
0
0
0
0
0
0
0
0
0
0
0
0
0
0
1 4526
0
0
0
0
0
0
0
0
0
0
0
0
0
0
0
0
0
0
0
1 1061
1 1877
1 2042
0
0
0
0
0
1 1009
1 778
0
0
0
0
0
0
0
0
0
0
0
0
0
0
0
0
0
0
0
0
0
1 543
0
0
0
0
0
0
0
0
2 2350 3867
0
0
1 3477
0
0
0
0
0
0
0
0
0
2 2559 2613
1 275
0
0
1 315
1 4148
0
1 3357
0
0
1 5266
0
1 4131
1 2444
0
0
0
0
0
0
0
0
0
1 3274
0
0
0
0
0
0
0
2 1360 3862
0
0
0
0
0
1 4346
2 3266 3806
1 4507
2 1649 1689
0
0
0
0
1 571
0
0
0
0
0
0
0
0
0
1 5220
0
0
0
0
0
1 2077
0
0
0
0
0
0
2 2881 4156
0
0
0
0
0
0
0
1 2727
0
0
0
0
0
0
0
0
0
0
0
0
0
0
0
0
0
0
2 1967 3336
0
0
0
0
2 1919 4121
0
0
0
0
0
0
0
0
0
0
0
0
0
0
0
0
0
0
0
0
0
0
0
0
0
0
0
0
0
0
0
0
0
0
0
0
0
0
1 1352
0
0
0
0
0
0
0
0
1 642
0
0
1 4579
0
0
0
0
0
0
0
0
0
0
0
0
1 853
0
0
0
2 132 884
0
0
0
0
0
0
1 2500
0
0
0
0
0
0
1 4453
0
0
0
0
0
0
0
0
1 626
0
1 3043
0
2 1419 4203
0
0
0
0
0
0
0
0
0
0
0
0
0
0
1 2749
0
0
1 1033
1 2238
0
0
0
3 2679 3858 4537
0
2 3810 5343
0
0
0
0
0
0
1 3847
0
0
0
0
0
0
0
0
0
0
0
0
1 4191
0
0
0
0
0
0
0
0
1 2838
0
0
0
0
0
0
0
1 106
0
0
0
0
0
0
0
0
0
0
1 4618
0
0
0
0
0
0
0
0
0
0
1 599
0
0
0
0
0
0
0
0
0
1 1069
0
1 5297
0
1 4395
0
1 12
0
0
0
0
0
0
1 1963
0
0
0
0
0
0
0
0
0
0
0
0
0
0
0
0
0
0
1 2095
0
1 5249
1 3481
0
0
0
0
0
0
0
1 4830
0
0
0
0
0
0
0
0
0
0
0
0
0
0
0
0
0
0
0
0
1 4449
0
0
0
0
0
0
1 2891
0
0
0
0
1 952
0
0
0
0
0
0
0
1 3360
0
0
0
0
0
1 3537
0
0
0
0
0
0
0
0
0
0
0
0
0
0
0
0
0
0
0
0
0
0
0
0
0
3 2564 4680 5288
0
0
0
0
0
0
0
0
0
0
0
0
0
0
1 3227
0
0
0
0
0
1 5407
0
0
0
0
0
0
1 2728
0
0
0
0
0
0
0
0
0
0
0
0
0
1 1441
1 2094
0
1 3175
1 4803
0
0
1 3187
0
0
1 1391
1 4417
0
0
