1 15026
1 16098
1 3009
1 706
1 761
1 8034
1 3917
1 8898
1 3515
1 8711
1 3569
1 6401
1 12259
1 4777
1 2533
1 16098
1 14022
1 4667
1 5994
1 13443
1 3365
1 5889
1 1115
1 12615
1 15600
1 5895
1 12825
1 6805
1 6544
1 1192
1 1563
1 4211
1 9893
1 12043
1 2835
1 13887
1 12293
1 9293
1 13258
1 5070
1 2441
1 1449
1 11741
1 1097
1 3981
1 619
1 8166
1 4404
1 5429
1 11197
1 5900
1 14742
1 226
1 11988
1 4143
1 9774
1 7641
1 16057
1 11915
1 6637
1 12383
1 11921
1 8204
1 148
1 4695
1 7565
1 6653
1 11769
1 11423
1 15082
1 4167
1 2312
1 12390
1 7636
1 16045
1 9773
1 3885
1 3222
1 13655
1 13364
1 4477
1 5261
1 596
1 11199
1 11502
1 10031
1 4807
1 1821
1 1933
1 3599
1 5587
1 134
1 6419
1 4082
1 12182
1 86
1 247
1 9529
1 2433
1 7763
1 5291
1 5333
1 10669
1 13943
1 3391
1 595
1 16776
1 1042
1 4852
1 2525
1 7822
1 3932
1 6825
1 15577
1 1484
1 2305
1 11119
1 5138
1 10541
1 4731
1 2900
1 10358
1 15487
1 728
1 9985
1 8606
1 16709
1 10581
1 15699
1 15935
1 13820
1 9050
1 15064
1 4370
1 7738
1 4207
1 8858
1 5475
1 1026
1 862
1 15837
1 5690
1 4349
1 9164
1 89
1 15883
1 3981
1 4970
1 8955
1 4684
1 14808
1 4858
1 13783
1 9671
1 13082
1 14475
1 7547
1 2785
1 737
1 6850
1 3142
1 16528
1 2
1 2470
1 12352
1 1673
1 15911
1 2737
1 6866
1 9446
1 3608
1 7691
1 2985
1 11786
1 11675
1 4070
1 3336
1 5554
1 321
1 3053
1 8630
1 10765
1 12867
1 3708
1 5339
1 9991
1 9712
1 3022
1 988
1 1090
1 356
1 572
1 9608
1 5048
1 2826
1 16034
1 9109
1 8986
1 9842
1 7657
1 13657
1 14646
1 8224
1 12811
1 7756
1 5629
1 15871
1 1929
1 10148
1 16
1 2715
1 1484
1 5086
1 4442
1 3089
1 15632
1 9552
1 13137
1 10601
1 14280
1 4589
1 55
1 11218
1 8180
1 8530
1 14983
1 400
1 4729
1 10621
1 2771
1 9849
1 5690
1 4435
1 6994
1 11036
1 12272
1 5749
1 15882
1 9012
1 14475
1 1430
1 8281
1 10469
1 11249
1 12652
1 14573
1 16706
1 8581
1 15157
1 7152
1 12758
1 7447
1 5717
1 14368
1 10524
1 11694
1 10387
1 13940
1 27
1 3377
1 14491
1 7444
1 7572
1 6326
1 1014
1 15029
1 16045
1 1173
1 4422
1 5140
1 9621
1 1767
1 15313
1 14813
1 2874
1 14315
1 380
1 5355
1 16041
1 14067
1 690
1 7904
1 5773
1 679
1 1030
1 4009
1 4346
1 2902
1 1637
1 11859
1 31
1 9597
1 4251
1 180
1 5919
1 16475
1 14226
1 8989
1 11108
1 11700
1 276
1 10843
1 13634
1 7149
1 691
1 11804
1 11703
1 293
1 397
1 7458
1 8243
1 11374
1 9457
1 10128
1 9966
1 12224
1 3254
1 11723
1 2469
1 7451
1 7748
1 14003
1 6340
1 10493
1 7584
1 2452
1 9430
1 14034
1 16045
1 7019
1 5158
1 4378
1 2744
1 5600
1 15995
1 10065
1 14022
1 8343
1 2728
1 791
1 10231
1 9137
1 13720
1 9866
1 11917
1 10124
1 320
1 8032
1 4158
1 9167
1 11203
1 3410
1 10001
1 11960
1 2355
1 1175
1 2135
1 9228
1 6229
1 13814
1 13427
1 11331
1 12232
1 882
1 8831
1 7112
1 2164
1 7924
1 4961
1 12627
1 13386
1 7369
1 9544
1 10837
1 2179
1 3638
1 10834
1 12437
1 13510
1 686
1 12554
1 16287
1 7631
1 481
1 530
1 10350
1 12205
1 5723
1 2038
1 13912
1 4344
1 3981
1 4924
1 13624
1 738
1 13907
1 5397
1 5757
1 13534
1 6967
1 6449
1 11325
1 13089
1 16879
1 3196
1 3886
1 1425
1 3924
1 7774
1 2144
1 4650
1 15627
1 14436
1 223
1 7760
1 1574
1 15892
1 5264
1 5643
1 3342
1 4187
1 14455
1 13511
1 1203
1 2489
1 2621
1 11538
1 11704
1 11394
1 14772
1 2798
1 1477
1 6063
1 5933
1 3647
1 811
1 3551
1 6372
1 4283
1 4197
1 7606
1 11593
1 6218
1 10152
1 1715
1 3584
1 7210
1 13727
1 2794
1 12379
1 10294
1 3670
1 7134
1 14773
1 3291
1 1737
1 1204
1 4001
1 8980
1 926
1 5882
1 622
1 14982
1 13723
1 8376
1 11159
1 14713
1 688
1 7022
1 7765
1 13656
1 7409
1 11717
1 13728
1 7905
1 2805
1 8016
1 4652
1 2314
1 13546
1 12961
1 5906
1 12100
1 7663
1 16184
1 6174
1 1212
1 14214
1 13660
1 3478
1 5021
1 7778
1 2376
1 11283
1 4743
1 9652
1 2991
1 10977
1 666
1 3468
1 15288
1 5039
1 11203
1 9278
1 4673
1 5558
1 10333
1 3896
1 8499
1 615
1 11734
1 6113
1 9385
1 4604
1 2389
1 1546
1 3003
1 6488
1 11567
1 207
1 2059
1 2465
1 9018
1 950
1 5516
1 3029
1 1192
1 7588
1 6677
1 1324
1 6421
1 9134
1 9947
1 13864
1 629
1 14782
1 12289
1 12910
1 4277
1 8071
1 14638
1 1977
1 11711
1 6188
1 7057
1 11271
1 666
1 8033
1 247
1 1903
1 4742
1 39
1 16711
1 12325
1 6693
1 15297
1 11719
1 3981
1 861
1 5181
1 284
1 11642
1 885
1 6662
1 1403
1 7110
1 5677
1 15145
1 2878
1 755
1 9997
1 8073
1 14623
1 1005
1 3553
1 1197
1 13632
1 4812
1 7304
1 10234
1 12174
1 859
1 120
1 14034
1 2801
1 5356
1 14773
1 307
1 7672
1 421
1 918
1 8508
1 10849
1 13130
1 3593
1 10631
1 1755
1 4347
1 7189
1 12530
1 13029
1 2202
1 12344
1 1049
1 2323
1 4479
1 13049
1 2350
1 2711
1 6530
1 16474
1 2182
1 483
1 4633
1 245
1 8698
1 4684
1 15515
1 15507
1 6231
1 1167
1 5595
1 1057
1 843
1 2287
1 4053
1 3635
1 2056
1 7646
1 4800
1 42
1 15718
1 2418
1 11980
1 3077
1 11975
1 1565
1 1439
1 12220
1 1711
1 4764
1 6697
1 16118
1 7328
1 2671
1 4907
1 3714
1 12535
1 1871
1 14502
1 9128
1 12377
1 15235
1 11650
1 13719
1 268
1 6581
1 1262
1 10339
1 6459
1 874
1 3302
1 220
1 1638
1 1113
1 917
1 426
1 3420
1 8564
1 8434
1 2890
1 6416
1 2400
1 5191
1 1948
1 3874
1 3325
1 9558
1 2433
1 9779
1 3885
1 16869
1 7413
1 3786
1 2863
1 13332
1 9621
1 6156
1 1177
1 5437
1 5548
1 633
1 13247
1 2770
1 12440
1 6017
1 7466
1 6953
1 14672
1 10878
1 7170
1 5820
1 7228
1 1195
1 15077
1 5489
1 746
1 13636
1 2044
1 1885
1 2780
1 5195
1 13666
1 11082
1 3165
1 8669
1 7277
1 6787
1 5322
1 13833
1 9375
1 5687
1 1203
1 8489
1 9707
1 3319
1 7600
1 16716
1 4816
1 2371
1 2446
1 16161
1 5684
1 7978
1 9182
1 11571
1 890
1 5025
1 13476
1 5172
1 1248
1 6203
1 11801
1 972
1 15674
1 1854
1 6677
1 6629
1 9830
1 15658
1 12456
1 5991
1 13599
1 15722
1 2611
1 2579
1 3031
1 16024
1 7545
1 6704
1 3039
1 6224
1 5105
1 4767
1 4213
1 2885
1 16263
1 283
1 3218
1 5716
1 12505
1 13717
1 4729
1 1835
1 3023
1 9431
1 1956
1 10608
1 13546
1 5385
1 521
1 16219
1 6083
1 1499
1 10539
1 11245
1 9910
1 6474
1 1180
1 8218
1 5526
1 4941
1 4612
1 9340
1 10369
1 2448
1 9399
1 10322
1 6479
1 10318
1 852
1 887
1 11567
1 2912
1 5158
1 15815
1 3782
1 16045
1 6668
1 5134
1 3181
1 2172
1 27
1 605
1 685
1 14092
1 16911
1 12442
1 15087
1 1699
1 4195
1 5776
1 16078
1 7142
1 2589
1 1395
1 2388
1 1903
1 15223
1 13321
1 14
1 16325
1 7857
1 2252
1 5209
1 15297
1 12927
1 15154
1 3248
1 10494
1 2628
1 10306
1 8552
1 10785
1 156
1 1764
1 2459
1 3357
1 2355
1 12084
1 1217
1 14442
1 442
1 14870
1 585
1 12374
1 683
1 2350
1 13403
1 12900
1 7120
1 3369
1 13695
1 4702
1 14034
1 16341
1 1422
1 2473
1 3820
1 12258
1 2723
1 13693
1 6917
1 5165
1 1278
1 310
1 6641
1 15677
1 12642
1 14002
1 10170
1 16382
1 5400
1 12070
1 1937
1 4881
1 7715
1 2344
1 1948
1 15801
1 15081
1 3638
1 2637
1 2389
1 2610
1 15936
1 7228
1 10075
1 3544
1 904
1 944
1 9578
1 1483
1 10736
1 4536
1 2430
1 1731
1 47
1 1752
1 4507
1 9216
1 16771
1 8173
1 5020
1 10501
1 2803
1 5910
1 1997
1 7606
1 420
1 4724
1 10957
1 7608
1 706
1 2164
1 9025
1 12820
1 14303
1 7659
1 3245
1 2874
1 12537
1 11812
1 9559
1 12337
1 2894
1 7790
1 281
1 9584
1 11219
1 6437
1 14681
1 6127
1 2437
1 10711
1 16639
1 95
1 14220
1 3062
1 5454
1 1136
1 12966
1 15869
1 9959
1 15651
1 14915
1 8360
1 3929
1 133
1 3425
1 2635
1 2678
1 11698
1 8224
1 2662
1 4711
1 2393
1 13181
1 2365
1 14523
1 5103
1 226
1 9462
1 15898
1 378
1 2620
1 9612
1 3528
1 6063
1 1342
1 15235
1 14501
1 8586
1 12189
1 15082
1 1181
1 1027
1 12609
1 13423
1 12520
1 16883
1 10450
1 11129
1 757
1 760
1 7545
1 4850
1 446
1 1913
1 11195
1 7926
1 14863
1 1532
1 14177
1 7306
1 10488
1 12213
1 1009
1 9863
1 12308
1 15237
1 7469
1 10962
1 917
1 3671
1 6826
1 13127
1 13722
1 4654
1 655
1 8483
1 3762
1 13518
1 5298
1 10397
1 13704
1 10064
1 16950
1 10186
1 3254
1 14074
1 7135
1 3437
1 15850
1 7558
1 16537
1 2775
1 14457
1 15259
1 16411
1 1286
1 10883
1 9966
1 9
1 14169
1 1716
1 7142
1 6532
1 13227
1 6514
1 13043
1 11031
1 1649
1 841
1 2240
1 991
1 997
1 14202
1 10410
1 9367
1 28
1 14860
1 6006
1 852
1 3322
1 9037
1 10686
1 7940
1 8680
1 13586
1 14184
1 9431
1 4247
1 5506
1 9597
1 11322
1 14377
1 1469
1 2979
1 11782
1 8749
1 2083
1 8236
1 16045
1 2002
1 3400
1 12694
1 1739
1 13100
1 2215
1 13808
1 8014
1 12505
1 11080
1 8649
1 12539
1 14831
1 4299
1 8931
1 8464
1 13721
1 11111
1 4590
1 3917
1 12770
1 5966
1 1021
1 13659
1 10469
1 871
1 3109
1 5436
1 16100
1 842
1 2078
1 6251
1 545
1 12840
1 1195
1 9731
1 2122
1 5282
1 6459
1 903
1 13770
1 4008
1 9476
1 2671
1 14986
1 6654
1 1263
1 3748
1 11357
1 8188
1 15866
1 15184
1 6259
1 4850
1 2389
1 16057
1 7300
1 12042
1 1824
1 1668
1 15216
1 8098
1 3233
1 11151
1 3527
1 8360
1 2240
1 3417
1 4924
1 2784
1 8636
1 10138
1 2578
1 17
1 2530
1 8073
1 13306
1 14842
1 6649
1 12571
1 1796
1 5647
1 3635
1 2240
1 1888
1 16254
1 1090
1 14306
1 6590
1 15350
1 1668
1 10014
1 1993
1 7757
1 6850
1 2984
1 58
1 9915
1 11545
1 5875
1 5363
1 4358
1 10349
1 1495
1 6543
1 1192
1 2065
1 8083
1 4513
1 1325
1 6823
1 9572
1 5752
1 10544
1 7095
1 4035
1 13556
1 5984
1 11264
1 13709
1 13912
1 6551
1 4606
1 11567
1 14396
1 2789
1 3660
1 2306
1 16231
1 13771
1 15116
1 6412
1 5937
1 7235
1 1373
1 7282
1 14092
1 5517
1 5690
1 3116
1 11389
1 16170
1 9710
1 11972
1 628
1 1801
1 7457
1 3952
1 3358
1 9715
1 1200
1 6214
1 8905
1 43
1 5344
1 14715
1 15869
1 3051
1 1380
1 14652
1 3061
1 11258
1 11640
1 10130
1 9072
1 2303
1 8382
1 655
1 2002
1 7506
1 220
1 5357
1 2044
1 13720
1 71
1 5061
1 615
1 988
1 4041
1 9112
1 11842
1 6650
1 1882
1 433
1 509
1 13986
1 6549
1 888
1 13247
1 1024
1 517
1 3746
1 13265
1 10987
1 10047
1 6676
1 3671
1 1172
1 4450
1 779
1 525
1 1264
1 8620
1 12340
1 1177
1 1009
1 14391
1 4959
1 15533
1 8291
1 12829
1 12782
1 7288
1 6460
1 5104
1 1903
1 5228
1 9562
1 1747
1 317
1 9023
1 4366
1 13429
1 1749
1 10074
1 1755
1 12716
1 137
1 4204
1 13700
1 5173
1 3149
1 6615
1 12719
1 1679
1 4406
1 9561
1 14522
1 6359
1 2237
1 10231
1 4788
1 4755
1 814
1 1383
1 15124
1 12019
1 11721
1 7504
1 2899
1 13642
1 4128
1 15289
1 13369
1 16665
1 7174
1 16384
1 8754
1 7120
1 6063
1 16925
1 12840
1 6010
1 10726
1 4857
1 14200
1 8184
1 7258
1 1191
1 519
1 867
1 4689
1 4130
1 6019
1 12834
1 11454
1 16826
1 14501
1 2827
1 3502
1 14649
1 2884
1 13979
1 10214
1 10016
1 1950
1 417
1 8541
1 14319
1 14219
1 336
1 1702
1 13871
1 6164
1 521
1 6329
1 3358
1 3654
1 11995
1 15475
1 11117
1 16874
1 1350
1 14018
1 6920
1 3726
1 1894
1 16933
1 8365
1 7883
1 4809
1 1476
1 4285
1 5486
1 9312
1 7339
1 3494
1 2390
1 13749
1 8386
1 7514
1 430
1 12036
1 10356
1 10065
1 161
1 15324
1 12891
1 2166
1 9240
1 1982
1 7545
1 16364
1 5438
1 7042
1 16861
1 3891
1 8993
1 11972
1 1910
1 9867
1 2123
1 4056
1 4557
1 11186
1 3152
1 11684
1 10738
1 8531
1 9671
1 15354
1 5712
1 12464
1 1515
1 9423
1 10374
1 8031
1 16318
1 12231
1 3981
1 12914
1 122
1 8197
1 13581
1 3646
1 3249
1 5357
1 14134
1 16743
1 6257
1 10442
1 10987
1 10354
1 4320
1 6953
1 10405
1 2472
1 6522
1 1448
1 3042
1 13780
1 13475
1 1754
1 1009
1 5417
1 14607
1 8459
1 8422
1 6126
1 1671
1 120
1 1451
1 13712
1 475
1 412
1 920
1 7170
1 2034
1 988
1 4436
1 2583
1 11292
1 240
1 2038
1 5034
1 4613
1 3587
1 10836
1 1565
1 16255
1 16569
1 13807
1 4640
1 7635
1 2848
1 13109
1 4989
1 5226
1 2221
1 13727
1 8808
1 15158
1 12825
1 8008
1 5568
1 16958
1 1215
1 12815
1 10671
1 3509
1 3271
1 4212
1 1322
1 13258
1 1342
1 4914
1 3034
1 4048
1 1580
1 3515
1 12272
1 10934
1 8897
1 655
1 2331
1 1439
1 12503
1 12368
1 1194
1 5176
1 3133
1 10000
1 10753
1 14436
1 1440
1 3569
1 4381
1 8497
1 15995
1 13047
1 1376
1 6264
1 9966
1 13721
1 5036
1 2081
1 11133
1 13775
1 5772
1 15317
1 11794
1 9906
1 1782
1 409
1 1444
1 12015
1 10192
1 230
1 15131
1 291
1 7421
1 16411
1 13617
1 6860
1 362
1 13411
1 3431
1 2675
1 6193
1 6261
1 13693
1 7498
1 11584
1 6113
1 12894
1 9760
1 16203
1 7818
1 10940
1 5269
1 12705
1 3358
1 7521
1 8377
1 15204
1 15252
1 3213
1 13540
1 12804
1 5690
1 3403
1 14256
1 291
1 14457
1 16276
1 2986
1 3716
1 9954
1 3385
1 11708
1 2482
1 3198
1 16
1 8319
1 6698
1 14689
1 8224
1 16475
1 485
1 9362
1 16563
1 243
1 2522
1 16795
1 10225
1 9757
1 15763
1 13410
1 11558
1 6659
1 7810
1 10685
1 13434
1 14607
1 12322
1 12022
1 7740
1 11538
1 10539
1 1460
1 4992
1 4649
1 975
1 10760
1 3694
1 8348
1 13551
1 10043
1 13070
1 13517
1 647
1 893
1 10358
1 4182
1 13188
1 15253
1 9059
1 6314
1 5508
1 1473
1 5809
1 8598
1 995
1 10204
1 13706
1 8544
1 2889
1 4503
1 1363
1 7786
1 8308
1 1811
1 2473
1 16687
1 10704
1 1053
1 14130
1 2708
1 247
1 6897
1 2770
1 9033
1 13769
1 9602
1 235
1 5030
1 15692
1 521
1 2236
1 12436
1 15022
1 1903
1 9989
1 16186
1 3094
1 16802
1 1774
1 15521
1 15772
1 16288
1 1421
1 1155
1 8524
1 10836
1 14
1 12777
1 9463
1 15883
1 716
1 489
1 13067
1 1657
1 5624
1 1203
1 6862
1 2282
1 3529
1 9133
1 43
1 4040
1 5312
1 16330
1 12477
1 6122
1 4108
1 15709
1 2886
1 969
1 6915
1 4001
1 9914
1 5243
1 7904
1 8338
1 14839
1 790
1 9124
1 7498
1 2002
1 476
1 6168
1 13849
1 11203
1 9341
1 15928
1 13738
1 8397
1 8183
1 292
1 12311
1 8523
1 7799
1 8163
1 4482
1 1471
1 6161
1 10664
1 2240
1 1200
1 8827
1 14255
1 9100
1 13053
1 8128
1 10027
1 4761
1 15592
1 1115
1 16387
1 218
1 7528
1 953
1 2609
1 2464
1 5734
1 2038
1 13489
1 11203
1 7081
1 9162
1 10158
1 10772
1 7940
1 7415
1 6541
1 7541
1 3187
1 9607
1 1872
1 3981
1 3444
1 1153
1 380
1 7447
1 3895
1 4844
1 16045
1 12526
1 8647
1 1177
1 7080
1 6164
1 524
1 666
1 6349
1 7532
1 892
1 5369
1 13295
1 10130
1 3982
1 12312
1 16510
1 2980
1 14716
1 2386
1 10349
1 6766
1 7734
1 13049
1 9081
1 5259
1 2006
1 16912
1 2144
1 2715
1 12934
1 13764
1 7280
1 7129
1 709
1 1602
1 12237
1 7472
1 7823
1 1690
1 226
1 5152
1 14790
1 2146
1 2510
1 7763
1 16050
1 6378
1 12376
1 551
1 14107
1 14132
1 5265
1 1982
1 11093
1 2299
1 1000
1 12191
1 8020
1 7239
1 5866
1 5145
1 292
1 7495
1 5667
1 14626
1 12326
1 10707
1 2513
1 16158
1 6645
1 11938
1 10102
1 4793
1 4956
1 9491
1 4821
1 13017
1 4038
1 549
1 15144
1 3879
1 1750
1 4346
1 2132
1 5407
1 14799
1 10721
1 15704
1 1090
1 1486
1 10462
1 7576
1 6023
1 9358
1 12563
1 3478
1 1700
1 2325
1 927
1 12174
1 13706
1 9726
1 13595
1 4857
1 13549
1 2742
1 16
1 6345
1 5387
1 2188
1 11882
1 13216
1 6188
1 294
1 1450
1 6053
1 9248
1 10345
1 7938
1 1664
1 9377
1 14368
1 6651
1 2733
1 2480
1 12450
1 2284
1 10193
1 15243
1 13247
1 975
1 15257
1 13842
1 4179
1 7618
1 10988
1 12511
1 11116
1 3121
1 10787
1 1910
1 603
1 16278
1 7545
1 12471
1 6540
1 183
1 8756
1 10299
1 1795
1 5685
1 2183
1 10081
1 10171
1 5926
1 11625
1 1377
1 3440
1 1519
1 1691
1 8684
1 12034
1 16140
1 1278
1 2292
1 663
1 11331
1 5864
1 3981
1 4128
1 6494
1 6139
1 16860
1 430
1 14613
1 1673
1 16614
1 2230
1 4634
1 1922
1 12045
1 13462
1 7387
1 3595
1 4828
1 12315
1 6136
1 16218
1 8215
1 9301
1 2652
1 11486
1 11522
1 7810
1 4231
1 1747
1 1311
1 2414
1 12270
1 7585
1 13667
1 8293
1 870
1 7379
1 6297
1 14392
1 6757
1 5760
1 6572
1 2049
1 6606
1 2509
1 2643
1 12110
1 8533
1 1795
1 14310
1 5565
1 9015
1 1192
1 1137
1 2053
1 15814
1 12597
1 12134
1 14242
1 9370
1 2454
1 13407
1 3889
1 6304
1 4544
1 2230
1 12866
1 13684
1 445
1 9470
1 11361
1 1324
1 3395
1 5098
1 10295
1 7709
1 15328
1 5744
1 3611
1 4231
1 8205
1 5001
1 11570
1 8853
1 607
1 3319
1 5994
1 6347
1 10885
1 7775
1 11195
1 4046
1 4282
1 16415
1 3128
1 12503
1 4765
1 11574
1 3961
1 13710
1 3294
1 1479
1 9940
1 4741
1 13500
1 13297
1 8754
1 2003
1 716
1 9794
1 12801
1 5068
1 3175
1 7164
1 1942
1 4283
1 1944
1 9023
1 6495
1 16953
1 1712
1 1974
1 525
1 310
1 2576
1 6091
1 9768
1 4503
1 13759
1 1440
1 882
1 9967
1 13518
1 10079
1 13716
1 14762
1 16546
1 15389
1 5924
1 6419
1 9503
1 894
1 3085
1 3297
1 4351
1 1960
1 12005
1 757
1 13424
1 13838
1 6014
1 8504
1 6432
1 13225
1 14098
1 12158
1 763
1 12968
1 9481
1 505
1 628
1 8279
1 6968
1 10748
1 14366
1 13032
1 14330
1 6138
1 13061
1 66
1 12880
1 4635
1 4254
1 8914
1 1214
1 10923
1 7596
1 8705
1 483
1 3745
1 11135
1 5352
1 3708
1 8277
1 14609
1 11643
1 13712
1 12406
1 247
1 8026
1 8981
1 9062
1 2178
1 15127
1 1673
1 1376
1 666
1 10879
1 13308
1 4655
1 7541
1 2852
1 2217
1 10141
1 3070
1 15613
1 6755
1 2226
1 12375
1 12898
1 4971
1 503
1 3710
1 14498
1 13090
1 12990
1 944
1 13638
1 10926
1 3186
1 6299
1 14328
1 13028
1 8623
1 6321
1 3562
1 4004
1 7126
1 10456
1 3431
1 13670
1 3948
1 3686
1 3981
1 2897
1 12611
1 8094
1 230
1 3440
1 4700
1 3320
1 882
1 13534
1 4766
1 1153
1 14343
1 4385
1 9869
1 5613
1 10823
1 14618
1 5948
1 6279
1 7131
1 10454
1 3952
1 13681
1 3967
1 1876
1 12614
1 13810
1 7170
1 996
1 7839
1 3659
1 8202
1 8699
1 5808
1 13194
1 3345
1 697
1 6314
1 5977
1 2485
1 8831
1 12461
1 3961
1 14548
1 15818
1 10459
1 16733
1 10780
1 7362
1 4424
1 12776
1 11286
1 10000
1 11921
1 4808
1 4056
1 3239
1 3066
1 2589
1 13284
1 3885
1 747
1 3769
1 1826
1 8477
1 13058
1 2198
1 16564
1 2
1 891
1 161
1 2998
1 11567
1 1193
1 11290
1 9360
1 10999
1 4047
1 13190
1 13867
1 6031
1 11946
1 8272
1 9457
1 1181
1 14029
1 5137
1 9828
1 5129
1 4536
1 12308
1 13667
1 1226
1 13653
1 14964
1 8226
1 7898
1 12103
1 3792
1 9787
1 2221
1 12521
1 10705
1 7865
1 12137
1 10092
1 1818
1 9399
1 8063
1 3460
1 3289
1 7143
1 1045
1 3145
1 13026
1 63
1 7712
1 5408
1 3683
1 2287
1 14519
1 13270
1 7542
1 11490
1 2596
1 6066
1 6179
1 16828
1 12383
1 13427
1 9360
1 5813
1 13710
1 7125
1 7329
1 14426
1 3313
1 2216
1 11113
1 5310
1 3133
1 1062
1 10044
1 4376
1 2146
1 528
1 8916
1 306
1 16760
1 380
1 10682
1 13972
1 16226
1 13754
1 13190
1 2529
1 5802
1 6111
1 15561
1 1398
1 13011
1 11759
1 3740
1 10132
1 15123
1 3303
1 4123
1 10869
1 13513
1 5481
1 3282
1 10049
1 9702
1 12047
1 3092
1 16051
1 10587
1 1648
1 1021
1 11181
1 10073
1 9863
1 2498
1 5690
1 7135
1 3582
1 280
1 13643
1 8601
1 3863
1 2355
1 5468
1 9327
1 1861
1 11199
1 13863
1 6202
1 3750
1 15744
1 10694
1 1183
1 14935
1 15514
1 7983
1 14333
1 1127
1 6352
1 4581
1 4335
1 11329
1 13977
1 4494
1 8094
1 2103
1 6309
1 2399
1 1196
1 7957
1 8916
1 1600
1 8511
1 1179
1 5902
1 11932
1 1803
1 5362
1 3519
1 1440
1 9947
1 4227
1 6512
1 2736
1 6432
1 1509
1 13821
1 1676
1 11878
1 12348
1 3178
1 9076
1 14782
1 11100
1 2746
1 10021
1 7369
1 4912
1 1194
1 9373
1 14637
1 13973
1 5933
1 13752
1 14955
1 4535
1 12327
1 9177
1 8991
1 3014
1 3650
1 9764
1 5193
1 5631
1 2577
1 7725
1 7441
1 8841
1 9509
1 4378
1 847
1 430
1 4522
1 7445
1 1652
1 4533
1 12419
1 15488
1 971
1 10194
1 7314
1 9208
1 477
1 4354
1 15934
1 7742
1 12338
1 8261
1 77
1 5725
1 7730
1 15607
1 7582
1 1456
1 16037
1 15123
1 14475
1 12842
1 6952
1 6640
1 178
1 16835
1 3930
1 14217
1 3113
1 3033
1 8006
1 5309
1 956
1 16161
1 9073
1 1085
1 13143
1 10362
1 41
1 15230
1 1418
1 7545
1 8593
1 8504
1 7341
1 283
1 4482
1 4289
1 4950
1 1903
1 1181
1 8603
1 15667
1 10857
1 14737
1 4172
1 7810
1 3729
1 2175
1 13538
1 335
1 9960
1 4666
1 2204
1 1016
1 15634
1 16507
1 13146
1 7493
1 14635
1 7933
1 967
1 12194
1 4380
1 3601
1 76
1 9865
1 6139
1 3383
1 3621
1 8721
1 5026
1 1085
1 14355
1 6742
1 13639
1 10588
1 2306
1 16630
1 14129
1 12073
1 4306
1 1191
1 15858
1 7196
1 8906
1 6398
1 8228
1 7082
1 76
1 9934
1 4269
1 1510
1 8955
1 10985
1 3324
1 845
1 549
1 3721
1 10542
1 17
1 11519
1 13248
1 2332
1 16520
1 7327
1 12244
1 1431
1 4687
1 935
1 15138
1 3775
1 3115
1 452
1 14288
1 8457
1 12120
1 8131
1 3667
1 5386
1 11269
1 10079
1 10177
1 15546
1 905
1 8721
1 5621
1 1948
1 14163
1 13638
1 8896
1 5401
1 1858
1 16148
1 658
1 11061
1 8848
1 13402
1 1696
1 11791
1 10837
1 5752
1 642
1 1665
1 9707
1 16637
1 6733
1 15638
1 3035
1 12645
1 2765
1 3667
1 1345
1 3697
1 323
1 11583
1 9595
1 4641
1 16201
1 15058
1 767
1 9612
1 5735
1 11679
1 7094
1 3377
1 10609
1 7453
1 5292
1 16909
1 15787
1 1993
1 15875
1 1334
1 9880
1 15858
1 9606
1 4432
1 15358
1 9108
1 10637
1 5040
1 2536
1 10773
1 1452
1 5598
1 335
1 10176
1 9482
1 1257
1 9536
1 12841
1 12210
1 9969
1 11397
1 14226
1 9589
1 9511
1 7981
1 4135
1 10565
1 11944
1 1213
1 12236
1 11647
1 13767
1 16706
1 12045
1 310
1 7094
1 14502
1 15102
1 2944
1 417
1 545
1 1491
1 906
1 7719
1 9867
1 2254
1 3345
1 5385
1 4945
1 14545
1 15311
1 7927
1 2211
1 450
1 12509
1 12873
1 14994
1 6294
1 3247
1 13773
1 9164
1 13190
1 953
1 1393
1 14969
1 6715
1 10381
1 9018
1 10066
1 15787
1 14674
1 16686
1 2848
1 15035
1 5579
1 205
1 1446
1 15581
1 1200
1 5394
1 16869
1 9853
1 16779
1 2568
1 6454
1 1111
1 5034
1 4523
1 14076
1 6459
1 5020
1 15072
1 13077
1 4050
1 1394
1 7258
1 3352
1 3701
1 4464
1 16669
1 5912
1 5266
1 27
1 13621
1 221
1 12544
1 2017
1 520
1 932
1 15724
1 11885
1 1747
1 486
1 13414
1 7657
1 2914
1 1051
1 4291
1 3459
1 5738
1 11087
1 9421
1 7355
1 4528
1 13853
1 8262
1 16045
1 3866
1 5633
1 7822
1 4898
1 948
1 10241
1 11662
1 11888
1 3353
1 14094
1 11051
1 11286
1 4362
1 4000
1 205
1 4864
1 8656
1 6656
1 8504
1 517
1 1203
1 830
1 16219
1 1993
1 14930
1 13631
1 28
1 2185
1 7943
1 4333
1 7262
1 888
1 10871
1 319
1 1855
1 2077
1 4805
1 11234
1 1655
1 2472
1 1737
1 6933
1 1009
1 9259
1 13670
1 5775
1 3028
1 838
1 6173
1 10409
1 9159
1 8504
1 184
1 1277
1 6229
1 4132
1 2018
1 620
1 13887
1 456
1 900
1 15872
1 9544
1 2246
1 16489
1 5602
1 11138
1 2893
1 6268
1 1665
1 2978
1 15461
1 13686
1 12589
1 1444
1 5738
1 9966
1 23
1 2169
1 7922
1 3450
1 5163
1 11750
1 13842
1 237
1 8386
1 10624
1 6886
1 10519
1 8490
1 13717
1 11505
1 3280
1 3291
1 1665
1 4137
1 7900
1 13110
1 9002
1 2833
1 16341
1 3417
1 12751
1 475
1 16712
1 38
1 4575
1 1307
1 2064
1 4081
1 8083
1 1400
1 7048
1 4176
1 16954
1 6286
1 13310
1 6657
1 10028
1 6064
1 1181
1 1405
1 6726
1 14251
1 2236
1 6152
1 8439
1 15731
1 5763
1 16031
1 5034
1 8031
1 9119
1 7324
1 7007
1 1749
1 8128
1 14770
1 3090
1 6930
1 4394
1 14035
1 8366
1 14119
1 14018
1 12117
1 7097
1 16936
1 7761
1 11212
1 3591
1 14607
1 5682
1 829
1 871
1 7520
1 1237
1 10478
1 1812
1 9036
1 13642
1 14850
1 1645
1 2338
1 986
1 448
1 13043
1 1773
1 16171
1 11899
1 461
1 1342
1 7558
1 8188
1 6238
1 8222
1 8160
1 10633
1 8495
1 12357
1 4695
1 843
1 4620
1 8057
1 16075
1 6532
1 5191
1 8933
1 14568
1 1028
1 14758
1 230
1 9063
1 13890
1 15325
1 16754
1 6451
1 3123
1 9614
1 11264
1 2840
1 7671
1 1133
1 7629
1 10116
1 7460
1 12509
1 1662
1 2914
1 12172
1 3091
1 8174
1 6338
1 8323
1 2458
1 15320
1 10992
1 1142
1 16174
1 6961
1 4266
1 15919
1 4001
1 476
1 4632
1 4393
1 14087
1 7820
1 14610
1 14044
1 648
1 4156
1 1130
1 14025
1 4572
1 6098
1 9960
1 3891
1 2389
1 477
1 2798
1 6778
1 12757
1 16977
1 1350
1 10225
1 15509
1 450
1 15532
1 7977
1 4622
1 6523
1 5245
1 4202
1 15253
1 15073
1 4119
1 12453
1 15993
1 7053
1 13987
1 15843
1 14556
1 189
1 2141
1 1786
1 8103
1 6019
1 10591
1 3516
1 250
1 1277
1 5070
1 291
1 15236
1 10129
1 8293
1 4106
1 13886
1 5048
1 14176
1 12230
1 1181
1 1350
1 12563
1 1922
1 16527
1 10796
1 3398
1 1190
1 14347
1 2079
1 7579
1 16133
1 1363
1 2689
1 5443
1 15398
1 15227
1 3532
1 2340
1 3576
1 8991
1 9624
1 1744
1 447
1 2300
1 3831
1 10846
1 10436
1 5553
1 12967
1 12547
1 7558
1 1200
1 2906
1 16861
1 1155
1 7831
1 155
1 125
1 1745
1 8160
1 11706
1 10657
1 15199
1 13102
1 2480
1 2213
1 4045
1 11091
1 12989
1 15215
1 1598
1 6639
1 461
1 12697
1 6352
1 2463
1 3167
1 549
1 4843
1 1701
1 13923
1 3175
1 3122
1 9631
1 6946
1 4087
1 16318
1 409
1 15379
1 838
1 7867
1 10495
1 7782
1 3335
1 1002
1 4544
1 35
1 369
1 6723
1 5376
1 446
1 7073
1 6878
1 15431
1 9910
1 4318
1 12530
1 14842
1 4065
1 6167
1 1727
1 42
1 7931
1 15532
1 5399
1 9602
1 2941
1 7694
1 1233
1 11006
1 13351
1 12343
1 1187
1 16467
1 8989
1 8145
1 3685
1 6360
1 15609
1 6835
1 12460
1 10260
1 660
1 14143
1 10461
1 16969
1 2471
1 4303
1 14177
1 16352
1 4954
1 11887
1 6453
1 8557
1 6945
1 1009
1 15011
1 16956
1 251
1 6235
1 5998
1 7872
1 1774
1 8753
1 14958
1 16242
1 5303
1 3240
1 11186
1 1475
1 12860
1 8144
1 7717
1 2565
1 10605
1 4367
1 3125
1 10832
1 12745
1 6502
1 6296
1 12293
1 10430
1 14505
1 2899
1 8379
1 5566
1 3742
1 293
1 4179
1 4961
1 2293
1 13960
1 10443
1 4420
1 10695
1 987
1 2572
1 9209
1 624
1 13691
1 13476
1 7858
1 4280
1 549
1 3525
1 9598
1 14436
1 11615
1 6769
1 913
1 3236
1 12582
1 15542
1 3999
1 10157
1 4820
1 212
1 14198
1 13752
1 8124
1 9183
1 6653
1 76
1 609
1 12674
1 11704
1 5574
1 14175
1 4590
1 10481
1 10539
1 9008
1 3952
1 142
1 9396
1 15397
1 1123
1 28
1 6920
1 2748
1 11567
1 5248
1 5487
1 9817
1 4709
1 2756
1 3106
1 14990
1 1931
1 10736
1 9866
1 10266
1 3833
1 15377
1 8687
1 2405
1 510
1 3202
1 4113
1 14177
1 9517
1 16165
1 4671
1 6591
1 399
1 1690
1 7195
1 1688
1 16358
1 6188
1 3830
1 10655
1 16448
1 13198
1 2159
1 546
1 4098
1 2520
1 2190
1 12968
1 11203
1 2260
1 487
1 1920
1 10932
1 2416
1 9974
1 2549
1 3132
1 14590
1 6642
1 7597
1 7497
1 4024
1 6813
1 3812
1 12822
1 2114
1 15324
1 3698
1 7950
1 3782
1 4968
1 16045
1 4868
1 1928
1 4300
1 15648
1 4856
1 2095
1 1866
1 615
1 15856
1 2927
1 3049
1 5769
1 14687
1 14873
1 13262
1 1484
1 336
1 3573
1 10270
1 14607
1 3372
1 4303
1 16202
1 14042
1 13499
1 11536
1 8061
1 3042
1 16362
1 3093
1 13657
1 7259
1 5630
1 748
1 13426
1 6470
1 3632
1 4024
1 2755
1 10790
1 8934
1 3061
1 3534
1 13196
1 5058
1 403
1 4062
1 3432
1 14441
1 11104
1 1159
1 15382
1 3096
1 13710
1 13053
1 7586
1 5270
1 14263
1 7513
1 902
1 15183
1 9566
1 3762
1 14681
1 12467
1 7969
1 15902
1 44
1 6341
1 9469
1 8180
1 2489
1 5778
1 4656
1 5280
1 7125
1 5144
1 439
1 15
1 2321
1 9392
1 14594
1 7606
1 6337
1 13784
1 15566
1 0
1 8392
1 11605
1 4729
1 13642
1 1668
1 15137
1 247
1 8355
1 6580
1 17
1 1129
1 571
1 14607
1 9278
1 2219
1 9160
1 11347
1 4013
1 11651
1 13347
1 3336
1 4808
1 10178
1 5092
1 14510
1 130
1 3308
1 4628
1 9578
1 11752
1 9360
1 2653
1 6067
1 2930
1 987
1 520
1 1161
1 4241
1 1193
1 14041
1 9556
1 10056
1 13698
1 5398
1 9941
1 3019
1 358
1 2877
1 15787
1 13217
1 10557
1 14265
1 11227
1 7836
1 5638
1 16675
1 2816
1 277
1 4888
1 14721
1 543
1 28
1 16045
1 1108
1 6517
1 8470
1 9628
1 2358
1 4659
1 10636
1 1185
1 11822
1 2411
1 15041
1 12885
1 8281
1 8860
1 4829
1 280
1 8416
1 14770
1 722
1 4185
1 3673
1 6536
1 1477
1 5308
1 646
1 13787
1 13180
1 6599
1 0
1 2751
1 15779
1 1062
1 11444
1 2601
1 2240
1 921
1 3272
1 6268
1 2865
1 15253
1 10484
1 14950
1 8710
1 4564
1 10116
1 5253
1 5281
1 14604
1 4782
1 2883
1 6220
1 5148
1 5164
1 1149
1 7789
1 348
1 1113
1 15849
1 9509
1 3726
1 8198
1 546
1 1444
1 12406
1 3739
1 6552
1 2588
1 2378
1 7695
1 2888
1 15524
1 11320
1 13288
1 4806
1 15570
1 7340
1 716
1 11651
1 14607
1 10945
1 3301
1 12345
1 9121
1 634
1 5623
1 4429
1 13577
1 15840
1 1224
1 8078
1 6383
1 99
1 12121
1 47
1 2170
1 1264
1 16501
1 14913
1 1277
1 13776
1 3050
1 11
1 1987
1 5352
1 7171
1 15461
1 4659
1 6354
1 1200
1 1454
1 14180
1 6906
1 2969
1 14208
1 495
1 10962
1 10352
1 834
1 7
1 12788
1 14411
1 5643
1 4694
1 6987
1 2788
1 2643
1 4179
1 1891
1 5646
1 13322
1 10325
1 9662
1 13990
1 12563
1 1259
1 12681
1 14252
1 12847
1 11839
1 6085
1 5020
1 709
1 9174
1 12032
1 34
1 4654
1 6740
1 13859
1 9058
1 14160
1 5943
1 6541
1 12109
1 1673
1 3089
1 7152
1 430
1 11459
1 3560
1 5871
1 8167
1 2997
1 8124
1 7948
1 13410
1 9298
1 13100
1 5991
1 2767
1 4881
1 4885
1 672
1 3846
1 8911
1 3932
1 2434
1 13653
1 8021
1 9564
1 2388
1 13667
1 74
1 14208
1 7639
1 3185
1 7211
1 9768
1 11079
1 10374
1 13984
1 4040
1 15860
1 12205
1 9998
1 15713
1 13788
1 12032
1 7773
1 6739
1 14819
1 569
1 11135
1 7335
1 408
1 6941
1 13410
1 9452
1 7791
1 14859
1 2292
1 9399
1 607
1 3302
1 12765
1 5043
1 2298
1 8764
1 14116
1 1161
1 4496
1 12846
1 3500
1 3821
1 509
1 13218
1 4197
1 5088
1 1767
1 1966
1 15652
1 767
1 6907
1 15309
1 886
1 7513
1 11238
1 13994
1 11027
1 5457
1 14672
1 1944
1 12772
1 12187
1 10663
1 13432
1 10993
1 2717
1 5485
1 14365
1 2411
1 3227
1 8411
1 15644
1 1468
1 13979
1 14211
1 15865
1 5813
1 97
1 15534
1 4446
1 9084
1 2333
1 10209
1 3496
1 14877
1 5034
1 5060
1 4272
1 14544
1 6456
1 11708
1 15355
1 9978
1 6167
1 5733
1 5858
1 6951
1 10525
1 2815
1 9840
1 13284
1 6513
1 2786
1 3506
1 8093
1 13272
1 2087
1 5637
1 10093
1 4030
1 1459
1 10188
1 4785
1 9126
1 16217
1 1522
1 11713
1 1210
1 4643
1 4323
1 8744
1 6739
1 404
1 979
1 1766
1 1113
1 13164
1 6634
1 8119
1 4742
1 4808
1 10112
1 16078
1 16117
1 11264
1 7170
1 224
1 8982
1 7448
1 211
1 16234
1 14954
1 4902
1 12074
1 16318
1 5400
1 5016
1 10884
1 2598
1 11756
1 16059
1 10573
1 14544
1 11887
1 3431
1 3214
1 9184
1 3804
1 3383
1 10015
1 988
1 5578
1 10674
1 13630
1 8811
1 12078
1 4689
1 8976
1 10227
1 2657
1 12777
1 8562
1 143
1 4075
1 10959
1 4003
1 8075
1 2007
1 9610
1 5075
1 1009
1 13464
1 4479
1 136
1 12180
1 558
1 14655
1 7769
1 616
1 5352
1 6757
1 4119
1 16885
1 1483
1 13787
1 10605
1 15818
1 12765
1 8498
1 4149
1 2299
1 16158
1 13709
1 9966
1 7323
1 1344
1 9242
1 7640
1 13748
1 8339
1 3209
1 1755
1 3995
1 1585
1 510
1 16259
1 1131
1 28
1 7410
1 3981
1 16456
1 4125
1 2782
1 3350
1 7588
1 6523
1 867
1 13691
1 9164
1 6866
1 13492
1 10491
1 8961
1 5919
1 1719
1 7245
1 5393
1 15060
1 1673
1 4297
1 5505
1 10690
1 14360
1 4068
1 1205
1 7094
1 7823
1 7998
1 10123
1 13080
1 7893
1 5204
1 4947
1 446
1 2609
1 2872
1 503
1 11834
1 2358
1 2306
1 842
1 11942
1 13662
1 3539
1 9940
1 9925
1 3222
1 4665
1 5288
1 1739
1 14176
1 1293
1 4254
1 4942
1 4358
1 3886
1 4400
1 7523
1 10299
1 11088
1 13858
1 4620
1 708
1 3582
1 16393
1 12153
1 377
1 5336
1 10605
1 9790
1 10521
1 6849
1 14914
1 1221
1 1012
1 6943
1 14665
1 2626
1 3090
1 8388
1 11039
1 5592
1 8500
1 1445
1 2990
1 5962
1 4843
1 14576
1 2413
1 223
1 11620
1 4670
1 13105
1 5236
1 7514
1 11903
1 9175
1 5675
1 12774
1 14737
1 2679
1 2983
1 1497
1 3440
1 2915
1 945
1 10363
1 1199
1 16278
1 13664
1 16421
1 396
1 3108
1 547
1 8230
1 16301
1 15354
1 1022
1 8363
1 1939
1 917
1 14936
1 1081
1 3197
1 3390
1 4190
1 11203
1 5259
1 3870
1 4946
1 1484
1 5386
1 6610
1 5626
1 13561
1 7342
1 5277
1 6293
1 9914
1 2378
1 9288
1 1933
1 8185
1 2772
1 3261
1 2432
1 781
1 13115
1 2732
1 16086
1 8723
1 3805
1 315
1 5489
1 11783
1 3126
1 14742
1 9105
1 10363
1 6672
1 3148
1 11879
1 8118
1 2493
1 11014
1 7049
1 1919
1 12793
1 12180
1 4772
1 5930
1 1765
1 6647
1 4865
1 10824
1 10902
1 15749
1 4444
1 10920
1 2445
1 281
1 8792
1 5458
1 8060
1 9555
1 6028
1 7557
1 12322
1 4254
1 15732
1 4372
1 9607
1 16806
1 783
1 1174
1 9245
1 8811
1 4452
1 971
1 15152
1 6087
1 14737
1 14988
1 4457
1 9272
1 16337
1 12206
1 5186
1 3031
1 15993
1 12678
1 11689
1 2304
1 578
1 505
1 15839
1 13336
1 1732
1 4741
1 11964
1 13661
1 3994
1 12547
1 5161
1 4968
1 13702
1 16
1 10222
1 767
1 14574
1 7954
1 1900
1 12971
1 7907
1 2167
1 16921
1 16138
1 10276
1 11760
1 11264
1 1365
1 14182
1 5660
1 2
1 6970
1 16475
1 12872
1 2035
1 13962
1 10220
1 9413
1 14664
1 6007
1 5601
1 7262
1 9058
1 2989
1 16052
1 14312
1 1169
1 5282
1 3021
1 16478
1 3451
1 13805
1 1082
1 3930
1 1088
1 6238
1 8404
1 16511
1 8910
1 9499
1 9508
1 5738
1 10844
1 11738
1 13354
1 15138
1 9772
1 921
1 12966
1 9671
1 13712
1 6229
1 28
1 6384
1 1259
1 176
1 16219
1 1191
1 4869
1 28
1 13414
1 1458
1 4378
1 11930
1 5186
1 8297
1 2390
1 6346
1 438
1 15144
1 3142
1 11706
1 9026
1 1478
1 1278
1 2623
1 4976
1 6349
1 1967
1 15853
1 2034
1 5311
1 4776
1 6301
1 16399
1 16203
1 1952
1 13518
1 14010
1 10304
1 213
1 11107
1 10554
1 6281
1 2609
1 5873
1 15586
1 11772
1 4045
1 10211
1 4117
1 1259
1 708
1 2084
1 14657
1 500
1 4266
1 12728
1 2300
1 7371
1 14557
1 2854
1 15788
1 9454
1 8791
1 1539
1 509
1 16226
1 4448
1 9427
1 8237
1 10277
1 8437
1 189
1 11283
1 1035
1 8095
1 6127
1 9442
1 13772
1 6835
1 4579
1 2501
1 5223
1 1731
1 5121
1 13676
1 7184
1 6378
1 13909
1 6937
1 5919
1 6435
1 4568
1 1001
1 5921
1 14446
1 4868
1 8241
1 10915
1 6495
1 13223
1 16045
1 9878
1 9444
1 13863
1 14003
1 3379
1 10064
1 4124
1 13018
1 5764
1 3319
1 9628
1 12772
1 5766
1 11802
1 6422
1 4697
1 6030
1 774
1 3078
1 85
1 1430
1 1888
1 15569
1 2611
1 1122
1 14271
1 10640
1 226
1 4649
1 8662
1 12238
1 6355
1 2793
1 3584
1 6790
1 111
1 16045
1 3981
1 4303
1 2573
1 2968
1 3934
1 3951
1 3296
1 4295
1 16045
1 13668
1 2400
1 1934
1 7796
1 9410
1 9680
1 2271
1 2166
1 2794
1 10419
1 8455
1 15865
1 12813
1 814
1 11216
1 16123
1 16498
1 7938
1 11642
1 1891
1 10572
1 2445
1 119
1 8298
1 16098
1 5143
1 7450
1 2599
1 16719
1 4303
1 4877
1 6096
1 6243
1 2871
1 2757
1 8043
1 10709
1 9164
1 2787
1 5765
1 1001
1 12563
1 11977
1 11984
1 3157
1 2499
1 13547
1 9158
1 11523
1 15673
1 4282
1 807
1 2200
1 5275
1 12728
1 6091
1 6803
1 11212
1 15431
1 2637
1 8320
1 2632
1 11608
1 15088
1 244
1 1928
1 13637
1 655
1 6712
1 7049
1 4695
1 9480
1 12753
1 14242
1 4056
1 13931
1 15678
1 15641
1 15861
1 4971
1 11073
1 5074
1 8911
1 9537
1 1247
1 1790
1 11811
1 9754
1 14290
1 5382
1 15041
1 16755
1 8776
1 1357
1 36
1 2631
1 14
1 4451
1 6686
1 16855
1 2447
1 3916
1 13874
1 12608
1 4495
1 11099
1 3536
1 1430
1 7917
1 11091
1 14393
1 13144
1 3475
1 1138
1 15165
1 281
1 4234
1 3377
1 15055
1 10754
1 1705
1 13272
1 3944
1 10983
1 1203
1 705
1 537
1 2164
1 12409
1 2284
1 13965
1 561
1 8171
1 12460
1 3172
1 16702
1 8297
1 923
1 4964
1 6337
1 145
1 8219
1 571
1 1788
1 4915
1 1090
1 8535
1 8906
1 15323
1 418
1 11610
1 7746
1 6519
1 3947
1 210
1 5488
1 11004
1 12962
1 4663
1 2995
1 11599
1 5253
1 11527
1 69
1 9957
1 7950
1 12509
1 7944
1 845
1 1932
1 2211
1 3245
1 5316
1 605
1 2458
1 12248
1 11577
1 5474
1 8211
1 3686
1 13009
1 5995
1 3065
1 2112
1 483
1 16556
1 3417
1 7549
1 7764
1 16214
1 13088
1 13781
1 8708
1 4658
1 16768
1 9361
1 3055
1 6750
1 2711
1 4212
1 4307
1 12224
1 14182
1 1521
1 6063
1 5128
1 7925
1 10066
1 7253
1 958
1 9559
1 7871
1 8114
1 256
1 561
1 14718
1 11135
1 1454
1 1926
1 16045
1 15220
1 9110
1 6169
1 12720
1 8689
1 902
1 12520
1 13429
1 14476
1 12291
1 10627
1 1953
1 226
1 2977
1 9463
1 3831
1 1123
1 9374
1 5737
1 4282
1 11721
1 1919
1 4085
1 1766
1 2235
1 15718
1 4507
1 16250
1 7367
1 677
1 7054
1 4398
1 10202
1 13766
1 6035
1 3178
1 8516
1 8131
1 2337
1 3122
1 5767
1 16131
1 3879
1 4105
1 13685
1 2071
1 10862
1 5701
1 13332
1 4674
1 2358
1 13673
1 6641
1 356
1 10460
1 14617
1 16878
1 2731
1 13219
1 5015
1 4137
1 10973
1 9025
1 4823
1 12447
1 1370
1 7011
1 10489
1 15071
1 13539
1 5274
1 840
1 3631
1 13993
1 2798
1 400
1 854
1 8764
1 1428
1 1188
1 16805
1 22
1 1631
1 12988
1 1967
1 3120
1 158
1 7180
1 890
1 12173
1 14769
1 12260
1 3749
1 3678
1 10802
1 5100
1 7437
1 6739
1 5476
1 7373
1 12477
1 2721
1 10440
1 13911
1 3096
1 5196
1 10983
1 2686
1 4086
1 11546
1 10921
1 16344
1 3698
1 13722
1 4547
1 9962
1 4812
1 14935
1 1152
1 8542
1 16296
1 15535
1 16148
1 1994
1 3981
1 13947
1 2111
1 7621
1 1299
1 7978
1 11567
1 9345
1 10086
1 2481
1 930
1 1471
1 6899
1 9508
1 4010
1 14782
1 10900
1 4662
1 3575
1 14670
1 12285
1 10546
1 10815
1 9183
1 11109
1 11628
1 2320
1 14356
1 13675
1 4179
1 15078
1 3657
1 8261
1 11074
1 9625
1 759
1 4000
1 3395
1 5008
1 3561
1 204
1 3779
1 8861
1 1978
1 14255
1 7840
1 13821
1 2134
1 5608
1 8911
1 1203
1 10953
1 7753
1 15801
1 13743
1 2306
1 1491
1 14545
1 2682
1 95
1 16591
1 3007
1 3984
1 12413
1 13208
1 13053
1 5173
1 6334
1 9361
1 14353
1 4568
1 845
1 5692
1 250
1 4529
1 14580
1 3044
1 16133
1 8327
1 9041
1 13632
1 12714
1 6729
1 8224
1 8249
1 1858
1 914
1 11962
1 11882
1 12337
1 11827
1 6684
1 3556
1 2870
1 311
1 1934
1 13774
1 3894
1 447
1 4431
1 1381
1 5683
1 4838
1 5546
1 8013
1 11503
1 1547
1 15295
1 3133
1 2978
1 962
1 3610
1 445
1 6576
1 1974
1 3981
1 6864
1 392
1 15521
1 11098
1 9872
1 6484
1 2887
1 12647
1 5267
1 11193
1 8286
1 914
1 6100
1 4280
1 15855
1 5134
1 10209
1 2018
1 11070
1 5308
1 4252
1 642
1 9586
1 13246
1 4301
1 16806
1 3561
1 2008
1 9732
1 10880
1 8009
1 5191
1 6008
1 1090
1 11672
1 4241
1 8652
1 6024
1 5950
1 230
1 3157
1 3591
1 12998
1 11203
1 13712
1 11986
1 9761
1 264
1 266
1 10881
1 6013
1 5644
1 16884
1 2744
1 3957
1 3424
1 11971
1 177
1 9460
1 16294
1 11491
1 2365
1 5023
1 3782
1 3252
1 2983
1 16727
1 9724
1 920
1 5179
1 9255
1 779
1 4495
1 5926
1 12331
1 16520
1 12401
1 8510
1 526
1 12293
1 2983
1 1244
1 10226
1 5953
1 4777
1 13565
1 1718
1 7973
1 10681
1 14738
1 7797
1 2350
1 5379
1 11567
1 14270
1 4369
1 6133
1 2446
1 670
1 6968
1 7015
1 4450
1 2015
1 14750
1 7002
1 2743
1 2322
1 15121
1 10718
1 16576
1 6589
1 6576
1 12683
1 12375
1 8411
1 10347
1 709
1 3448
1 12863
1 14287
1 13284
1 335
1 13721
1 1955
1 13839
1 16492
1 772
1 5622
1 7120
1 7117
1 4540
1 3590
1 9578
1 12900
1 4409
1 7900
1 13615
1 15781
1 7251
1 8438
1 7069
1 13012
1 2128
1 12923
1 4660
1 9035
1 2910
1 10781
1 13979
1 12732
1 6026
1 226
1 5031
1 2146
1 4812
1 10708
1 9949
1 2843
1 5475
1 11632
1 211
1 9406
1 11674
1 4404
1 2221
1 12440
1 9111
1 8621
1 2606
1 2355
1 7993
1 7783
1 9992
1 14607
1 2956
1 12374
1 2446
1 1919
1 4702
1 1090
1 5243
1 7123
1 6515
1 13702
1 1799
1 6267
1 780
1 7945
1 12833
1 3323
1 3091
1 6863
1 2147
1 10003
1 17
1 12498
1 13146
1 14498
1 1192
1 2978
1 1351
1 6514
1 5194
1 7338
1 15787
1 5168
1 14163
1 9633
1 3061
1 6914
1 14745
1 860
1 10506
1 2337
1 4158
1 2096
1 9618
1 9443
1 13348
1 6858
1 208
1 1730
1 3838
1 8363
1 2705
1 889
1 16166
1 427
1 9420
1 9857
1 6351
1 11162
1 14877
1 13729
1 3643
1 4808
1 7731
1 1944
1 8049
1 1304
1 3125
1 13410
1 9983
1 14132
1 1982
1 13321
1 4050
1 13680
1 7005
1 7535
1 242
1 12818
1 6838
1 5590
1 8947
1 382
1 7363
1 10918
1 15482
1 16492
1 457
1 5025
1 6421
1 6987
1 4039
1 7586
1 3660
1 187
1 3302
1 79
1 7564
1 951
1 11581
1 16710
1 13616
1 1944
1 12157
1 218
1 7315
1 13544
1 287
1 8746
1 15242
1 9512
1 1681
1 5410
1 485
1 1192
1 1098
1 1465
1 15123
1 11010
1 11921
1 3360
1 6962
1 981
1 5120
1 6639
1 2499
1 3637
1 16078
1 2513
1 13943
1 7664
1 9953
1 9531
1 10706
1 5512
1 5459
1 9950
1 1376
1 7491
1 12948
1 7606
1 8224
1 56
1 12466
1 1754
1 16159
1 9821
1 7583
1 3548
1 13281
1 14774
1 12965
1 9425
1 5108
1 2300
1 5073
1 11755
1 14165
1 11624
1 12367
1 5489
1 7537
1 15267
1 5748
1 4296
1 14035
1 169
1 13753
1 16421
1 2265
1 11328
1 12907
1 2651
1 13210
1 1591
1 7957
1 13259
1 7524
1 10998
1 11023
1 11039
1 1825
1 921
1 15930
1 8058
1 12477
1 5409
1 14673
1 1631
1 2670
1 5692
1 8511
1 914
1 12744
1 10279
1 9549
1 1122
1 6609
1 13214
1 15294
1 11926
1 8823
1 14607
1 230
1 7094
1 13210
1 5111
1 16607
1 43
1 8953
1 2690
1 2895
1 16045
1 14116
1 451
1 12736
1 5262
1 6765
1 5311
1 1027
1 930
1 13942
1 10121
1 14598
1 7433
1 5920
1 537
1 3007
1 7812
1 950
1 9236
1 4058
1 7868
1 9553
1 11367
1 1252
1 10984
1 9914
1 16089
1 5752
1 12440
1 9626
1 1577
1 5267
1 16337
1 844
1 5484
1 11185
1 15863
1 15175
1 7563
1 4350
1 9774
1 1106
1 14523
1 4746
1 13561
1 3458
1 1967
1 2715
1 4762
1 16435
1 1719
1 15097
1 1945
1 6300
1 1165
1 3113
1 11400
1 16874
1 3111
1 11487
1 11813
1 3495
1 7963
1 1816
1 5820
1 16959
1 929
1 3178
1 12252
1 767
1 10776
1 13024
1 6995
1 2881
1 9398
1 4632
1 13335
1 7720
1 1345
1 7362
1 11538
1 342
1 8277
1 4651
1 4917
1 10170
1 16803
1 16089
1 605
1 1361
1 3473
1 14042
1 3299
1 15513
1 13094
1 2467
1 16410
1 10481
1 1558
1 15412
1 3456
1 60
1 3402
1 16749
1 12469
1 7011
1 7511
1 11027
1 2357
1 14884
1 1516
1 3808
1 6489
1 8247
1 1638
1 6494
1 16605
1 5747
1 10898
1 485
1 15135
1 3340
1 5356
1 2087
1 1675
1 15839
1 4510
1 8052
1 3433
1 12925
1 1597
1 14211
1 2221
1 9084
1 16738
1 2822
1 2815
1 15976
1 549
1 1181
1 5920
1 6218
1 12723
1 4713
1 9525
1 15495
1 4547
1 15408
1 10938
1 561
1 5817
1 8500
1 9809
1 5857
1 4689
1 15790
1 874
1 243
1 5485
1 13502
1 16123
1 1147
1 4366
1 2136
1 5184
1 828
1 6313
1 12390
1 16202
1 1032
1 14985
1 6802
1 4838
1 5701
1 3629
1 6799
1 15748
1 5816
1 7925
1 3545
1 16871
1 13301
1 6619
1 9501
1 10422
1 11033
1 9618
1 10479
1 8519
1 4059
1 9914
1 1329
1 2399
1 3000
1 13949
1 504
1 12305
1 5610
1 11264
1 1974
1 6493
1 9569
1 4797
1 15197
1 12182
1 3460
1 4310
1 9807
1 12478
1 3064
1 3191
1 6895
1 1122
1 12203
1 10674
1 5464
1 7133
1 12209
1 10694
1 6174
1 9551
1 3844
1 13876
1 4352
1 13550
1 6080
1 8540
1 13847
1 3575
1 2058
1 3074
1 7002
1 10349
1 1811
1 6653
1 7713
1 10983
1 1116
1 16156
1 6560
1 9522
1 2123
1 15657
1 2235
1 15783
1 11493
1 2422
1 2446
1 2427
1 5781
1 1452
1 4037
1 6473
1 4361
1 6721
1 6707
1 11210
1 1335
1 5305
1 1499
1 11799
1 1026
1 13417
1 2003
1 10117
1 920
1 1785
1 135
1 10170
1 5665
1 882
1 3981
1 2156
1 9097
1 11720
1 1076
1 2018
1 8482
1 6596
1 13326
1 11987
1 13186
1 16532
1 3496
1 16374
1 250
1 7160
1 8002
1 226
1 5257
1 3850
1 6689
1 6825
1 14753
1 8853
1 12386
1 11586
1 1012
1 10026
1 655
1 2328
1 3727
1 11986
1 7784
1 7054
1 5966
1 7650
1 3133
1 13524
1 2358
1 15856
1 2411
1 1490
1 3404
1 3175
1 1483
1 16458
1 3347
1 12727
1 4
1 132
1 5611
1 448
1 14608
1 8756
1 1199
1 12936
1 15271
1 14718
1 3913
1 2445
1 9472
1 12395
1 13681
1 10269
1 9186
1 16209
1 9313
1 1734
1 8160
1 9970
1 15869
1 7765
1 1677
1 7167
1 2404
1 666
1 11867
1 4050
1 1385
1 1408
1 14289
1 4740
1 917
1 1203
1 13386
1 8974
1 6792
1 999
1 11830
1 15053
1 8534
1 3345
1 135
1 6659
1 3967
1 298
1 15063
1 4480
1 5419
1 2568
1 9982
1 5
1 615
1 1200
1 2235
1 8058
1 4375
1 3514
1 5959
1 7136
1 5053
1 6576
1 12677
1 1234
1 15700
1 16804
1 906
