2 3421 3513
0
3 162 2260 4129
0
1 5482
1 5535
0
1 3603
0
1 1043
0
1 3586
0
0
3 830 1698 4414
1 3413
4 209 1606 1897 4112
4 1157 2576 3431 4972
0
0
0
0
1 4619
1 2854
0
0
0
3 258 812 2752
7 1060 2803 3268 3483 3883 4171 4178
0
0
1 290
0
0
1 3629
1 3136
1 4412
0
1 2882
1 551
0
1 2504
2 630 3151
3 1237 1712 5159
1 3402
0
0
2 907 3578
0
0
0
0
0
0
0
1 221
1 5093
0
1 1180
0
1 5264
0
0
1 2307
0
0
1 2127
0
0
1 4481
0
1 1258
0
0
1 3666
0
3 2541 2565 3253
1 2478
0
1 5047
0
0
0
0
0
1 4291
1 95
0
0
1 144
0
0
0
0
0
2 946 4721
0
1 3743
0
1 3576
0
0
0
0
0
0
0
0
0
0
0
1 4307
0
0
0
0
0
0
0
1 4340
2 582 1474
0
1 1445
0
0
1 3097
0
0
0
0
1 3447
0
1 5483
1 958
1 91
2 5430 5526
1 3849
1 1311
0
0
0
0
1 3264
1 3838
0
1 4458
0
0
1 63
0
0
0
0
0
0
1 3096
1 844
0
1 4624
0
0
2 1409 2262
0
0
0
0
0
0
0
1 5117
0
0
0
0
0
0
1 4174
1 4835
1 2490
0
1 293
0
0
1 1937
1 2829
0
0
1 5045
0
2 3040 4242
0
0
0
0
0
0
0
0
0
0
0
0
0
0
1 4702
2 2725 2791
0
1 519
1 4998
0
1 4472
2 3805 4938
1 3247
1 4209
0
0
0
0
2 1763 5055
0
2 662 1254
1 2754
0
2 413 3975
1 3802
0
7 52 971 1830 4299 4550 4929 5451
0
0
0
5 1561 2195 2968 4817 5154
0
0
0
0
1 1678
0
1 2861
0
0
1 1486
0
1 5028
2 1615 5320
1 4382
1 614
0
5 96 548 1672 2146 3428
0
0
3 3047 4735 5448
1 3188
0
0
0
0
1 4531
0
0
0
0
0
0
0
1 4825
0
1 4826
0
1 655
0
0
0
0
0
0
0
1 300
1 3479
0
0
2 2378 3500
3 937 4066 4433
0
2 767 2511
1 560
0
0
1 5058
0
0
0
3 1563 1596 3050
2 1742 1852
2 307 3218
1 1904
0
0
0
1 5529
0
0
0
0
0
0
0
1 2339
1 587
0
0
3 875 2081 2684
1 4756
0
0
0
1 4038
0
1 1303
0
1 2810
1 346
1 178
0
1 2630
0
0
0
0
0
0
0
0
0
0
0
3 2526 2662 4899
2 1374 3351
0
0
0
0
0
1 5244
0
0
0
0
0
1 3540
0
0
0
0
0
0
0
2 190 4591
0
1 3468
0
0
0
1 1568
0
0
0
0
0
0
1 3137
0
0
0
0
0
0
0
1 3952
1 974
0
3 276 1786 2341
0
1 5033
0
0
0
0
0
0
0
0
0
1 4779
0
0
0
1 3997
1 308
0
1 3295
2 226 4613
0
0
1 3380
1 3788
0
0
0
1 3688
2 1557 3127
0
0
1 1478
0
0
0
0
2 1370 2689
1 4467
0
1 919
1 589
0
0
0
0
1 666
1 5005
0
0
4 1405 1964 2461 3641
0
0
1 1267
0
0
0
0
1 4187
1 3412
0
0
1 852
0
0
2 2026 4774
3 997 3140 3919
2 3082 4760
2 2942 5485
0
2 2703 3024
1 5165
1 2589
0
0
0
1 2836
1 5038
0
0
0
2 2947 3112
0
0
0
0
0
0
0
0
0
0
0
0
0
2 1477 2880
2 1733 3000
2 2472 3016
0
0
0
1 383
0
3 612 2136 4502
0
3 1612 5064 5282
1 2762
1 3313
0
1 1703
0
0
0
0
0
1 3599
0
0
0
0
1 4224
0
0
2 2169 3922
1 5358
2 2117 4100
0
0
0
3 1268 3708 4235
2 3287 3880
0
0
0
0
0
0
2 1274 2796
0
1 1353
2 2757 3457
3 780 1378 1681
0
0
1 1796
2 1284 2080
1 4856
0
1 2337
0
1 384
0
0
0
0
0
0
2 4444 5177
0
0
0
0
0
1 3482
0
2 1116 2690
2 3306 3546
1 3999
0
5 1869 2573 3117 3234 5301
0
1 1839
0
0
0
0
0
0
1 3851
0
0
3 4449 4532 5312
0
0
0
0
0
0
0
1 3685
0
2 3433 4460
1 191
0
0
0
0
0
1 4099
0
0
0
0
0
0
1 854
0
0
0
0
0
0
0
0
0
1 105
1 82
0
0
0
0
0
0
1 1932
0
3 813 4491 5251
0
2 2042 3696
0
1 3254
0
0
0
0
0
4 509 1260 3342 5536
1 3854
0
0
1 45
1 2834
0
1 461
0
1 3229
0
0
0
2 1228 2118
1 534
0
0
0
1 691
1 3568
0
0
0
0
0
0
0
2 2618 4799
0
0
0
1 3509
1 1644
1 3007
0
0
0
0
0
0
5 1019 1251 1527 4385 5462
0
0
1 2610
0
1 3172
0
0
1 1956
0
0
5 498 546 1797 2154 5509
0
0
0
1 4876
0
1 3656
0
0
0
0
1 4567
0
1 283
0
0
0
1 856
0
1 814
1 379
0
1 467
0
1 280
1 304
0
0
0
0
0
1 2228
0
0
0
0
0
0
0
1 4443
2 3 923
0
2 3948 4221
3 1824 3626 4894
0
0
0
0
0
0
3 1702 2066 3561
0
0
0
0
0
1 3503
0
0
0
0
0
1 123
0
0
0
0
0
0
0
0
1 158
1 394
0
0
0
0
0
0
0
1 706
1 2253
1 3368
0
0
0
0
0
0
1 569
0
2 993 2105
0
1 4697
1 994
1 4
0
1 2114
0
0
0
4 2636 3715 4114 5232
0
0
0
0
1 4904
0
1 4289
0
0
0
0
2 1283 4849
1 4964
1 4032
0
1 4079
0
0
0
0
0
0
1 1729
1 339
0
0
0
0
0
0
0
0
0
0
0
0
0
0
0
1 4369
0
0
0
1 435
0
0
2 1327 4331
0
0
0
0
0
0
0
0
0
0
0
0
0
1 5328
1 2930
1 2798
0
0
0
1 3602
0
0
0
2 2824 3129
0
1 4609
1 1053
2 1113 3926
2 623 2958
1 5196
3 2572 4486 4733
0
1 2460
0
0
0
0
2 800 1063
0
1 4614
0
0
0
0
1 581
1 4989
1 558
1 139
0
0
0
0
2 1354 3892
0
0
1 1993
2 1109 2931
0
0
2 660 5319
0
0
0
0
0
0
0
4 363 2088 2199 5433
0
0
1 562
1 3718
1 801
2 1271 2808
1 5003
2 736 4626
1 2261
1 1800
1 1645
1 2099
0
0
0
0
0
1 2837
0
2 3394 4543
1 1123
1 899
1 2600
2 2692 5550
0
0
0
0
0
0
1 3240
3 4748 4789 5143
0
0
4 665 1013 4006 5516
1 590
0
3 1479 4846 5428
3 3520 4166 5133
0
1 4455
0
0
1 459
1 1889
0
1 5229
2 4672 5171
0
1 2758
0
0
1 2585
0
0
0
0
0
0
0
0
2 900 2174
1 3991
0
0
1 2781
0
2 523 5180
1 5049
0
2 1765 2712
0
0
1 2498
0
1 4527
0
0
0
1 4772
0
0
0
0
1 2537
0
1 1721
0
2 2468 4084
1 743
0
0
2 1636 1921
0
0
0
1 3789
0
1 5073
0
0
0
0
1 2941
2 3226 3456
4 188 1261 1482 3826
0
0
1 1055
0
0
0
1 1656
1 2220
1 1056
0
1 5521
1 1846
2 4263 4358
1 3134
0
0
1 573
0
0
0
6 1007 1289 1467 2819 3185 3846
0
0
2 3960 5460
0
1 264
0
1 2530
0
0
0
0
2 1106 2370
1 4003
0
1 1273
0
2 138 5424
2 986 5170
1 2966
0
1 284
0
1 5332
0
0
1 4244
0
0
0
0
0
0
1 107
0
0
1 2304
0
0
0
1 603
0
1 2766
0
1 1669
0
0
0
1 622
0
0
0
0
2 2333 3516
0
0
0
0
0
0
0
0
0
0
0
0
0
1 5438
0
0
0
0
1 4008
1 4151
0
0
2 2501 2548
0
0
1 4153
0
6 189 1170 1879 4463 4811 4957
0
0
0
0
0
0
1 43
1 5066
0
0
0
0
0
0
0
1 5204
0
1 3485
0
0
1 2735
0
3 664 3541 3791
0
2 22 1761
1 5400
0
0
0
0
0
3 4296 5147 5375
2 3267 4554
0
0
0
1 2397
0
1 3432
1 3009
1 3882
0
1 2979
0
0
1 950
1 2011
1 4431
0
0
0
1 2994
0
0
0
0
1 5324
0
1 3538
0
0
1 4656
2 1785 2202
0
2 1695 3094
0
0
0
1 3385
0
2 3458 3703
0
0
0
1 5217
0
1 620
0
1 4145
0
0
1 1281
1 267
1 4080
1 355
0
3 688 1288 1793
0
1 2413
1 788
6 985 2276 2516 2897 3059 5302
0
1 2392
0
1 3492
0
1 3162
1 4617
0
1 3066
3 1352 2558 4176
6 29 526 1189 2010 4976 5065
2 2265 3460
2 1532 2438
2 703 1118
1 2408
1 575
0
2 3993 5488
6 1234 1752 2728 3091 3593 5537
0
0
7 423 722 1707 2797 4442 4712 5517
1 456
1 3910
0
0
0
0
1 3783
0
1 486
1 2678
1 2132
1 1510
0
1 850
0
0
0
1 3959
0
0
1 3573
0
1 2284
0
0
0
0
0
0
1 3158
1 5547
0
0
1 2933
0
0
0
0
0
0
1 4859
0
0
1 4402
1 740
0
0
0
1 5186
0
0
0
0
1 2665
0
3 3619 4173 4220
0
0
1 657
1 1130
2 1285 3580
0
0
0
0
0
0
0
0
0
0
0
0
3 2830 3048 3583
3 874 1954 4193
0
0
0
0
0
0
0
1 1040
0
0
0
0
0
0
1 3937
0
0
0
0
0
1 4666
0
0
0
0
1 5017
0
0
1 2884
0
0
0
1 1987
0
0
0
0
0
0
0
0
0
0
1 1516
0
2 529 2029
1 1193
0
0
0
1 5354
0
0
0
0
1 2649
1 5420
0
0
0
0
0
0
3 979 1518 2948
0
1 3871
2 2628 5241
0
0
0
0
3 1386 3021 3060
1 4978
0
0
0
0
0
1 4411
0
0
0
1 5252
0
2 1662 3071
0
1 4126
0
0
0
0
1 4603
0
0
1 1218
0
0
3 1544 2153 5088
1 1947
0
0
1 1242
1 4762
0
1 1328
0
1 5512
0
0
0
0
0
0
0
1 2713
1 2744
1 825
0
0
1 2351
0
1 2888
0
0
1 564
0
1 2898
0
0
1 5513
0
0
0
0
0
0
0
0
0
1 2506
0
0
1 1694
1 866
0
0
1 406
0
0
1 4616
0
3 240 4292 4425
1 2583
0
0
0
0
0
0
0
2 637 1529
3 1538 2087 2419
0
0
0
3 1558 2851 3547
1 3969
1 2726
0
1 1462
1 41
1 1905
1 1475
2 2660 5413
0
2 3594 4535
0
1 2483
0
1 4180
1 3776
1 1633
0
0
0
0
1 5067
0
0
1 3738
1 1077
0
2 1748 4673
0
1 1653
0
1 3199
1 1395
2 431 3507
1 4192
1 2059
0
0
0
3 902 3859 5478
4 114 211 3350 4016
0
1 1880
0
0
0
1 5475
2 2691 4718
0
0
0
1 1187
0
1 3988
0
2 783 5422
0
0
0
0
0
0
0
0
0
1 2425
1 2568
0
0
0
0
1 1437
1 5273
0
0
1 1949
0
1 4521
1 3781
0
0
0
0
0
0
0
0
0
1 1002
0
0
0
0
0
0
1 4234
0
0
0
0
0
0
1 515
1 4768
0
0
0
0
0
0
0
0
0
0
1 5261
0
0
0
0
1 30
0
2 636 1492
0
0
0
0
0
0
0
0
1 415
0
0
1 5193
0
0
1 1522
0
0
0
0
1 3879
0
0
0
0
0
1 5125
0
0
0
0
0
1 5293
1 3110
0
1 2411
0
1 1825
0
0
0
0
0
0
0
0
0
0
0
0
0
0
0
0
0
0
0
0
0
0
0
0
0
0
0
0
2 4620 5139
0
0
0
0
0
1 288
2 663 5277
0
0
0
0
0
0
1 2939
0
0
1 2369
1 1052
0
0
1 2464
0
0
1 2815
0
1 1705
0
0
0
0
1 2984
0
1 1910
3 2619 2846 2871
0
0
3 1143 1174 3426
0
0
1 1473
0
5 165 1966 2152 3638 3904
0
1 5287
1 2427
1 5506
0
1 1318
0
1 5062
0
0
0
0
0
0
1 3298
0
2 1829 3296
1 1950
0
0
0
0
1 2614
0
0
1 819
1 1887
1 3119
1 1375
0
0
1 4438
0
0
0
0
0
1 639
1 2078
0
0
1 444
1 1045
0
1 4864
2 3900 5213
0
0
0
0
0
0
0
1 3150
0
0
1 4999
2 906 4253
1 4103
0
1 5501
0
0
2 455 2817
0
2 1087 3935
0
0
0
0
1 3081
1 3098
0
3 1302 1986 2761
0
2 1307 2912
1 1872
0
1 908
0
2 1466 5095
3 596 1309 3877
0
0
0
0
0
0
0
0
1 845
1 4057
2 3790 4561
2 271 3712
0
0
0
0
0
1 2944
2 1690 3192
0
0
0
0
0
0
0
1 1556
0
0
1 5429
1 3042
0
1 4461
0
1 4403
0
0
0
0
2 1940 2006
1 1164
0
0
1 4962
0
1 1229
0
1 2416
0
0
0
0
0
0
0
2 1665 5396
1 2935
0
0
0
1 5226
0
1 2298
0
0
1 87
0
0
1 1142
1 5132
1 2255
0
0
0
0
0
0
0
0
1 773
0
0
0
0
0
0
0
0
0
0
0
0
0
0
0
0
0
0
1 745
1 2811
0
0
2 2608 4747
0
0
1 2385
0
0
0
0
1 3341
0
0
0
0
1 648
1 1782
0
0
0
1 2216
0
0
0
0
0
1 1266
0
0
1 709
0
0
2 1168 4293
0
0
2 3612 4337
0
0
1 1390
0
0
0
0
0
1 4117
0
0
5 549 827 1299 1685 2515
0
0
0
0
0
0
2 1423 1931
0
0
1 998
0
0
0
0
0
3 4052 4559 4955
1 3314
0
2 1970 3062
0
0
0
1 4536
0
2 3336 4383
1 207
0
1 3279
1 4487
2 88 4027
2 4320 4757
0
0
1 884
0
1 4005
0
0
1 2072
0
4 2074 3725 5015 5053
1 5215
0
0
3 674 888 2603
0
1 1369
0
1 4205
1 4549
0
1 4901
1 776
0
0
0
1 2103
0
0
0
0
0
1 3713
3 4197 4622 5209
0
0
0
0
0
0
3 2079 4776 5362
0
0
1 541
1 4705
0
0
0
3 1414 1843 5022
0
0
0
0
1 3587
0
0
0
0
0
3 1176 2647 2800
1 4661
0
0
1 917
0
0
0
0
3 1084 1252 1732
2 2065 5426
0
0
1 1816
1 3843
1 4805
0
0
0
0
0
0
1 4880
0
1 2756
3 2833 4795 5439
0
0
0
0
0
0
0
0
0
0
0
0
0
0
0
2 1481 4199
1 4133
0
0
3 388 1487 1769
0
0
0
0
0
2 708 1256
0
0
0
0
1 2000
0
0
0
1 2012
0
0
1 627
0
1 5392
1 520
0
0
0
0
1 2885
1 1190
0
0
0
0
0
1 4583
0
0
0
0
0
1 2812
1 1114
1 3068
0
1 1549
0
1 1081
1 4222
0
0
2 3772 5286
0
0
0
0
0
0
0
1 3340
1 4993
0
0
0
0
0
0
1 2405
0
0
0
0
0
0
0
1 4664
1 4501
0
1 3328
0
0
0
0
0
0
0
1 1120
2 1425 5404
0
0
0
0
1 4920
0
0
0
1 1874
0
1 4709
1 356
1 5326
0
0
0
0
1 3041
0
0
2 409 1818
0
3 1833 2336 4931
1 4970
0
0
0
0
0
0
0
0
1 5435
0
0
1 3305
0
0
0
0
3 366 924 4445
0
2 1412 4325
1 4120
0
1 2855
1 3579
0
1 811
0
0
1 2524
0
0
1 2150
1 374
0
0
1 611
1 1942
0
1 2804
0
0
1 1900
0
1 3309
0
0
0
0
0
0
0
1 2258
0
1 4370
0
1 601
0
1 2529
0
0
0
0
0
0
2 2702 4488
0
1 3105
0
1 1089
1 2329
1 2160
0
1 3436
0
4 1502 2292 4942 5295
0
0
0
0
1 2165
0
0
0
2 1968 2023
0
0
0
0
3 4562 5406 5538
2 1682 2901
1 1323
0
0
5 1054 1150 1167 1751 3519
0
0
0
0
0
1 2840
0
0
0
0
0
1 833
0
1 2695
0
0
0
0
0
1 3312
0
0
0
0
1 5120
0
0
0
0
0
1 4324
0
0
0
0
0
0
0
0
0
0
1 1709
0
2 1917 4447
0
0
2 624 2311
0
0
0
0
2 1955 3694
1 3221
0
0
0
0
1 3700
2 1845 3866
3 3083 4227 5105
0
0
1 1249
1 4098
1 115
4 1211 2553 3925 4717
0
0
0
0
0
1 71
0
1 478
0
0
0
0
0
1 4688
1 3414
1 4884
1 604
0
1 1888
0
0
1 5463
0
0
1 1528
1 2579
1 3747
0
0
0
2 4576 4991
1 2940
0
1 3077
0
0
0
1 887
0
0
0
0
0
3 607 857 4869
0
0
0
0
4 354 848 2382 4947
0
1 5271
4 3489 3924 4588 5472
0
0
0
0
0
0
2 968 4839
0
0
0
0
0
1 729
0
0
0
0
1 492
0
2 3552 4025
0
0
0
0
0
0
0
1 1809
0
2 826 3664
4 514 893 1138 3015
2 1401 4185
0
0
1 966
0
0
0
0
0
2 2407 5355
2 672 4319
0
0
0
1 5508
1 3286
0
0
0
0
0
3 3494 3734 5474
0
1 3974
1 1988
0
1 3316
0
1 632
0
0
0
1 5409
0
0
0
0
1 5411
0
0
1 905
0
1 4031
2 98 678
1 3660
0
0
1 943
0
0
0
1 40
0
0
0
3 4065 4339 5493
4 730 4875 4954 5410
1 4418
1 795
0
0
0
1 325
0
1 2018
0
0
0
2 2991 4492
1 846
0
0
0
1 3115
1 1767
1 521
0
1 5258
0
1 318
1 163
1 3176
2 1460 2816
2 867 1666
0
0
0
0
0
0
2 1915 3104
1 4671
1 1604
0
0
1 2231
0
0
0
2 424 3406
0
0
0
1 4049
0
0
0
0
1 2374
2 4363 5076
0
1 4251
0
0
0
0
0
0
0
1 2002
1 1834
0
0
2 1858 5079
0
0
0
0
0
0
1 3308
0
1 1616
0
0
1 109
0
0
0
1 2347
1 1158
0
0
1 14
0
0
1 2658
0
0
0
0
0
0
0
0
0
0
0
0
1 3318
0
0
0
0
0
0
0
0
0
0
0
0
0
0
0
1 3203
0
0
2 2733 5533
0
0
0
1 3227
1 4311
0
0
1 2082
1 2454
1 1156
1 755
0
0
0
1 1484
0
0
0
0
1 3551
2 824 2250
0
0
0
0
0
0
1 2316
0
1 3814
1 4345
0
1 3518
0
0
0
0
1 4946
0
0
3 1766 3920 4213
1 894
2 754 4295
0
0
0
0
0
0
0
0
1 975
1 425
0
1 4194
0
0
1 3963
0
1 840
0
0
1 4413
1 4379
0
0
1 960
0
2 892 4377
0
0
0
0
0
2 2003 3610
0
0
0
0
0
0
0
1 5123
1 1981
1 3453
0
0
0
1 3835
0
0
0
0
1 964
0
0
0
0
0
0
0
1 5140
2 644 1127
0
0
0
1 1571
0
0
1 961
1 3986
0
0
1 4720
0
0
0
1 4645
0
0
1 3072
1 5161
0
0
0
0
0
0
0
0
0
0
0
0
0
0
1 5002
0
0
1 1671
0
0
2 608 4516
0
0
0
3 210 1819 5210
0
1 3731
0
0
0
1 4639
0
1 870
0
0
0
0
1 338
0
0
1 4595
1 4034
1 1914
0
0
1 2423
1 167
0
0
0
0
1 1896
1 4883
2 332 4831
0
1 2434
0
1 3270
0
0
1 3514
0
0
0
1 3373
1 3276
1 4352
0
0
0
0
0
0
0
1 2626
0
1 3653
0
0
2 693 1674
1 229
1 4029
0
0
1 1036
0
0
0
0
1 710
0
1 3888
0
1 1153
1 157
1 3768
1 4356
1 3609
1 1209
0
0
0
1 4304
2 448 4326
0
0
0
3 430 3017 4612
0
0
1 584
0
1 915
0
1 475
0
0
0
0
0
0
0
0
0
2 3764 5299
1 3478
0
0
0
0
0
1 5298
0
0
0
1 194
1 1362
0
0
0
0
0
1 2876
0
1 34
0
0
0
0
1 2977
0
0
1 4935
0
0
0
0
2 1498 2722
0
0
0
1 2159
0
1 4230
0
0
0
0
0
0
0
0
1 684
0
1 3523
0
0
0
0
1 4755
1 4351
1 3921
0
2 274 930
0
0
1 3469
1 568
0
0
1 5236
0
1 3534
1 1365
1 765
1 1720
1 4784
1 3554
1 1660
1 670
0
0
1 2844
1 935
1 5162
0
1 2192
0
2 1333 3214
1 120
0
1 287
0
0
0
1 3092
0
0
0
1 4924
0
1 803
0
2 2765 2985
1 3990
0
0
0
0
0
0
0
0
0
0
0
1 3344
0
0
1 3455
0
0
0
0
0
0
0
0
0
0
1 3156
0
0
1 2688
0
0
0
0
0
0
0
0
0
0
0
1 4952
0
0
0
0
0
0
0
0
0
0
0
1 4312
1 3597
0
0
0
0
0
0
0
1 4551
3 2847 4771 4977
1 1078
1 1807
0
0
3 3987 4843 4858
1 1179
1 172
1 1599
0
0
1 4142
1 3970
1 496
0
0
0
1 4477
0
1 3646
1 2263
0
1 5356
0
0
1 516
0
0
0
2 4723 5178
0
1 2
0
0
0
0
1 2449
0
0
0
0
1 3467
0
1 4147
1 187
1 774
0
0
0
0
1 2823
1 525
0
2 756 4094
0
1 2495
1 1520
1 2624
0
0
0
1 760
0
0
2 1463 3362
0
1 4738
0
0
0
0
1 3345
1 3585
1 1241
0
1 179
0
1 4514
0
0
0
0
0
3 1244 3376 4986
1 948
0
1 5372
1 4500
1 2249
0
0
0
1 2162
0
0
0
1 5393
0
0
1 634
1 4290
0
0
0
0
0
0
1 2100
0
0
0
2 214 3639
2 2915 3964
2 2987 4968
1 2366
1 3364
1 1688
0
2 3387 4642
0
0
0
0
0
0
0
0
0
1 3277
0
1 3998
1 1110
0
1 5221
0
2 2494 5218
0
1 2588
1 1223
0
0
0
1 4623
1 1929
2 3122 4577
1 2974
0
2 3206 5018
1 4041
0
1 2052
0
0
0
1 3319
4 1534 2332 4770 5470
0
0
0
0
0
0
0
0
2 160 4189
0
0
1 2305
0
0
1 4046
1 1315
0
0
1 1429
0
0
0
0
2 4362 4818
0
0
0
0
0
0
0
1 714
0
1 3116
0
0
0
0
1 4452
0
0
3 2070 3121 5477
0
0
3 2430 4573 5230
0
0
1 810
0
0
0
1 3669
1 2177
1 1780
0
0
0
1 5373
0
0
0
0
1 404
1 4009
1 1605
0
0
0
1 3288
0
0
0
0
0
0
1 3876
0
0
0
1 1590
1 3821
0
0
0
1 768
0
0
0
2 77 3932
0
0
0
0
1 3735
0
0
0
0
0
1 1146
0
0
1 3241
0
0
1 2248
1 3197
0
0
0
0
2 929 4489
0
1 2708
1 838
1 1449
0
0
1 4842
0
2 316 1029
0
0
0
0
0
0
1 4030
0
0
0
0
0
0
0
0
0
1 1514
1 3521
0
0
0
0
0
0
0
1 2869
0
1 2362
0
0
0
0
0
0
1 2302
0
2 454 2870
0
0
1 2058
0
1 4315
1 2101
0
1 5255
0
1 3565
3 661 3697 5046
1 2357
0
0
0
0
1 3448
0
0
0
0
1 2328
0
0
0
0
0
3 725 2043 4281
1 2198
0
1 1064
1 4967
1 2571
1 676
0
0
0
0
0
0
0
0
0
1 3133
2 176 3442
0
0
0
1 5284
0
1 419
0
0
3 2227 2696 5525
0
1 5480
0
0
1 3889
0
1 2746
1 2785
0
0
0
1 847
3 1232 1380 1585
0
1 5071
0
0
0
0
1 20
0
0
0
1 861
0
0
1 3355
0
0
0
0
3 259 2641 4435
0
1 4276
0
0
0
2 2544 3824
0
1 1602
0
0
0
0
1 4010
1 104
0
0
0
2 2030 4699
0
0
1 3065
0
1 1085
0
1 5265
1 1594
1 5476
0
0
0
0
0
1 351
0
0
0
0
0
0
3 1151 2878 4504
0
0
1 667
0
0
0
1 4833
1 959
0
0
0
0
0
3 1570 2187 3820
1 3382
1 5291
0
0
0
1 1032
0
0
3 1948 2196 3989
0
0
0
1 1784
0
0
0
1 4895
0
1 2857
1 4149
0
0
0
0
1 5263
0
1 5208
1 2768
2 2301 5368
0
0
0
0
0
0
0
1 499
0
0
0
0
1 5253
0
1 4430
0
0
2 489 1886
0
0
0
0
0
0
0
0
0
0
0
0
0
0
0
1 1400
1 5224
2 3749 5446
0
0
0
1 3706
0
1 1363
0
0
0
1 3769
0
0
1 1513
0
0
0
0
1 5541
2 8 1523
1 3046
0
0
1 2418
0
0
0
0
0
1 3235
0
1 1148
1 977
1 1710
0
0
1 3076
0
1 3377
0
1 4424
0
0
1 3929
0
0
0
0
1 898
1 5342
0
0
1 5099
0
0
1 436
0
1 574
0
0
1 4754
0
0
0
1 3643
2 4701 4804
1 2183
0
0
0
0
0
0
2 10 1539
0
0
0
1 3352
0
2 4680 5391
1 3078
0
0
0
0
0
2 2377 3949
0
2 445 4305
0
0
1 1490
0
0
1 4909
2 2927 4819
0
1 594
0
1 1974
0
0
0
1 89
0
1 2540
0
0
0
0
0
0
1 170
0
1 4773
1 2036
0
0
0
0
0
0
0
0
0
1 2545
0
0
0
0
0
0
0
1 5337
0
1 4610
1 3371
0
0
2 626 1166
0
1 5077
2 375 891
0
0
0
0
1 5012
0
0
1 1448
1 434
0
0
1 2450
0
0
0
1 1381
0
0
1 4693
0
1 2222
2 1210 5044
0
0
0
0
0
0
2 2594 2627
0
0
1 451
2 1014 1280
0
1 3505
0
0
0
0
1 4631
0
0
0
0
1 2310
0
1 3166
2 2190 4497
0
0
0
0
0
0
0
1 1638
0
0
1 2629
2 3330 4650
0
0
1 2747
0
0
0
0
0
0
2 183 2140
0
1 2170
0
0
0
1 646
0
1 1600
0
0
0
0
1 2574
0
0
0
0
2 1389 3544
1 5464
0
1 2523
0
0
0
0
0
0
0
0
0
1 3549
1 2354
0
1 3217
0
0
1 2137
1 1275
0
1 1131
1 4630
1 2389
0
0
0
0
0
0
0
0
0
0
0
2 1021 3397
0
0
0
0
0
0
1 2254
0
0
0
0
0
1 2587
0
0
0
1 4703
0
0
3 806 3332 4841
0
0
0
1 683
0
0
0
0
0
1 2290
0
0
0
0
0
0
0
0
0
0
0
1 3823
1 4037
0
0
1 5274
0
0
0
1 3326
0
0
0
0
0
0
0
1 868
1 3707
0
0
0
0
0
0
0
0
1 3301
2 3084 4553
0
1 3283
0
0
0
0
1 5000
0
0
0
0
0
1 5384
0
1 3657
0
0
0
1 5453
0
0
0
0
0
0
0
0
0
0
0
0
1 2381
0
0
1 2777
0
0
0
1 4014
0
0
0
1 675
0
0
0
0
2 1871 4580
0
0
0
0
0
3 76 680 2252
2 405 3941
0
0
1 2020
0
2 1420 3014
0
0
1 4759
1 1788
1 507
0
0
0
0
0
0
0
0
0
0
0
0
0
0
0
0
1 5492
0
0
1 4419
2 6 1103
0
0
0
0
0
0
1 407
0
0
0
0
1 957
2 2492 4152
0
2 111 3659
0
1 4313
0
0
0
0
0
0
0
0
0
1 4440
0
0
1 4471
1 2189
0
0
1 4314
3 1231 2213 3263
0
0
0
0
1 4832
0
0
0
2 2056 2234
0
0
0
0
0
2 2215 5528
0
0
0
0
0
0
0
0
0
0
0
0
0
13 44 146 391 557 1443 1783 1959 2191 3885 4309 4662 4777 5434
1 1804
0
1 4724
0
0
0
0
0
0
0
0
0
1 4107
1 3878
0
0
0
1 3244
2 2790 4698
3 457 1723 2999
0
1 3841
1 2184
0
0
0
1 1125
1 285
1 4676
0
0
1 3439
0
0
0
0
0
0
0
0
0
0
2 3324 3372
0
0
0
0
0
1 3775
0
0
0
0
1 1199
0
1 5414
1 1868
1 5042
2 1713 3675
1 1262
0
0
0
2 3106 4217
1 2049
1 2269
1 1521
0
3 2743 5024 5511
0
0
1 625
0
0
3 1426 2247 4392
0
1 5182
1 5352
0
0
1 3381
0
0
1 3148
0
0
1 3909
0
1 175
0
0
0
0
1 3839
0
0
0
0
0
1 2886
1 93
0
0
1 4560
1 4646
1 3125
0
0
0
0
0
0
0
0
0
0
1 3307
0
0
0
0
0
0
1 4581
1 3054
0
1 1718
0
0
0
0
1 3289
0
0
0
1 4219
0
2 3033 3857
0
0
0
1 2358
1 4278
1 3887
0
0
2 1335 1960
0
1 1356
0
1 2832
0
0
1 2675
0
2 2872 4598
0
0
0
0
0
1 54
0
0
0
0
0
1 3865
0
0
0
0
0
0
1 3008
0
2 348 4992
0
0
0
0
0
0
0
0
1 70
0
0
0
0
1 2521
0
0
0
1 2890
0
0
4 1924 3219 3611 4691
0
0
1 1647
0
0
1 3504
0
1 420
0
0
1 4011
0
0
0
0
1 820
0
2 439 3710
0
0
0
0
1 3030
0
1 1312
0
0
1 135
0
0
0
1 31
2 1515 4517
1 764
0
0
0
0
0
0
0
0
0
0
0
0
0
1 2421
0
0
0
2 1985 2037
0
0
1 4434
0
0
0
0
0
0
2 3459 4813
0
0
0
0
0
1 1072
0
0
0
1 292
1 4798
0
3 2130 3938 4074
0
0
0
0
0
0
0
0
0
0
0
2 2997 4225
0
0
1 2567
0
0
1 3753
0
0
0
0
1 538
0
0
2 3233 4791
0
3 2050 4368 4557
2 438 2073
0
1 1396
0
0
0
1 2513
0
1 2767
0
0
0
1 4316
1 5115
1 3905
0
1 1097
1 3337
1 4802
0
4 3177 3356 4310 4347
0
0
1 2557
1 4518
0
0
1 5369
0
0
0
0
0
0
0
1 3145
0
1 1457
0
0
1 3785
0
0
0
0
0
0
0
0
0
1 2806
0
1 2400
0
0
0
0
0
0
0
0
1 390
0
2 286 1873
1 597
0
1 142
1 5202
1 2102
1 5386
0
1 2473
0
0
0
2 1185 3940
0
0
1 5416
1 2789
0
0
0
2 1305 5325
1 3205
0
1 4873
1 133
0
1 4076
0
0
1 5540
1 2335
0
3 331 2459 4181
0
1 2539
1 1540
0
0
0
1 2204
0
0
0
0
0
0
0
1 3002
1 2917
0
0
0
1 4569
0
1 3942
0
0
0
2 47 4941
0
1 1319
0
0
1 4912
0
0
0
0
0
0
0
0
0
0
1 3224
0
1 268
0
1 2241
0
0
0
0
1 3570
0
1 4761
1 2653
0
0
1 232
1 1483
0
0
0
0
0
1 213
0
1 4063
0
1 3745
0
1 4237
0
2 1282 4879
1 4415
1 4083
0
0
0
0
1 4089
0
0
0
0
0
0
1 2748
0
0
0
0
0
0
0
0
0
0
0
0
1 80
0
2 605 3848
1 5531
0
2 1747 2512
0
0
0
0
0
0
0
0
0
0
0
1 2403
2 4422 4850
1 3704
0
0
0
0
0
0
2 1661 2085
0
0
0
2 909 4564
0
0
1 5289
0
0
1 1192
0
0
0
0
0
0
0
0
1 2462
1 2737
0
0
0
0
1 2773
1 4736
0
0
0
1 2465
0
1 2445
2 904 2281
0
0
0
1 4908
0
0
0
2 2022 3135
0
0
2 4652 5309
0
0
0
0
0
0
0
0
0
1 1427
0
0
0
0
0
0
1 3528
0
0
0
2 4262 4732
0
0
0
1 3011
0
0
1 2883
0
0
0
1 4250
0
1 2399
0
0
0
0
0
0
0
1 220
2 1102 3259
0
0
0
0
0
0
0
0
0
0
0
0
0
1 513
0
1 1206
0
0
0
0
0
1 792
1 1489
0
0
0
0
0
0
2 2959 3947
0
1 3027
0
0
0
0
0
1 3449
0
0
0
2 3001 5238
1 613
1 1969
1 2129
0
0
0
0
1 1496
1 2633
0
1 3784
0
0
0
0
0
2 1635 4300
1 410
1 5246
1 477
0
2 1018 3630
1 2157
1 3408
0
1 4511
2 3490 3591
1 4922
0
1 4679
1 4476
0
1 3933
1 2528
1 17
0
0
1 3977
1 3293
0
1 504
1 4587
0
0
0
0
0
0
0
0
0
2 149 616
0
0
1 2584
0
3 1355 3832 5317
0
0
0
0
1 3607
3 64 2957 4388
0
1 4287
0
0
1 2197
0
2 863 4956
0
0
0
0
0
0
1 3275
0
1 965
0
1 5306
0
0
0
0
0
0
0
0
0
0
1 920
0
0
0
0
3 227 772 3424
0
1 119
0
0
0
0
0
0
0
0
1 5515
2 2061 4104
2 550 3795
1 494
0
0
1 5206
0
0
0
0
0
0
0
0
1 1326
0
0
0
0
0
1 1759
1 5211
0
1 640
1 2054
1 2201
1 763
0
0
0
0
1 4055
0
0
0
1 4201
2 13 4862
0
0
0
0
1 3533
0
0
1 3778
0
0
1 1325
0
0
0
0
1 1863
0
0
0
1 5365
0
0
1 629
0
0
0
0
1 2813
1 3558
1 86
4 2246 3443 3796 5013
1 1394
0
0
3 577 4654 4932
0
0
0
1 728
0
0
0
1 3246
1 1866
0
1 4601
0
0
0
0
1 1975
1 3499
0
0
0
0
0
0
0
0
2 4764 5335
0
0
0
0
2 3118 3972
1 1789
0
0
0
0
0
2 996 1137
0
1 108
0
0
0
1 3339
2 1348 1894
1 151
0
0
0
0
0
1 2792
1 4059
0
0
2 3335 4266
1 4177
0
0
0
0
0
0
0
1 4348
0
0
0
2 885 3654
0
0
0
1 3655
0
0
1 3480
0
0
0
0
0
0
0
0
0
1 2780
0
0
0
1 3808
0
0
0
0
1 645
0
0
0
0
1 2437
0
1 1519
1 4462
0
1 5247
0
0
0
0
0
0
2 392 1152
0
0
0
0
0
0
0
0
0
0
0
0
0
0
0
0
1 791
1 3939
0
0
1 2698
1 4015
1 3918
0
0
1 2514
0
0
0
1 3180
0
1 1864
0
0
1 1291
0
2 368 3220
0
0
1 4456
0
0
0
2 3333 4110
0
1 147
2 2168 4397
0
0
0
0
1 4195
0
0
0
0
0
0
0
0
0
0
0
0
1 1500
0
0
1 1634
0
0
0
0
0
0
0
0
1 2039
0
0
0
0
0
0
1 4700
0
0
0
0
0
0
1 4597
1 3812
0
0
0
3 913 2740 3625
1 490
0
1 4840
0
2 737 5039
1 2547
0
0
0
1 1679
1 4930
0
0
4 1488 2736 2907 3751
0
1 1548
0
0
1 501
1 2657
0
0
1 3699
0
0
0
0
2 193 3056
0
0
0
0
1 5544
0
0
0
0
1 3379
0
1 3752
1 1259
0
0
0
0
0
0
1 2069
0
2 39 3049
0
0
1 5106
1 4399
1 3845
0
0
0
0
0
0
0
0
0
0
1 212
0
1 3711
0
0
0
1 3445
0
0
0
0
0
1 2031
0
1 4633
0
0
1 970
1 1298
1 762
0
0
1 5104
0
0
1 5157
0
0
0
0
0
0
0
0
1 5074
1 4254
0
0
0
0
0
0
1 4523
1 2280
0
0
0
0
2 809 4793
0
0
1 2278
1 117
0
1 269
0
0
1 4343
1 3411
1 1851
0
0
1 3536
0
0
0
1 1831
0
0
0
0
0
2 330 804
0
0
1 4109
0
1 2858
1 3537
1 873
0
0
1 4983
0
0
0
1 739
2 1314 4728
0
0
1 1533
0
0
1 4847
0
1 559
0
0
1 5327
0
2 4093 4183
0
0
0
0
3 673 2963 4809
0
1 2452
1 4980
1 711
1 4643
0
0
0
0
0
0
0
1 3917
0
0
0
0
1 834
0
0
0
0
0
0
0
0
0
0
0
0
0
1 4252
0
0
1 1501
0
1 1300
0
0
0
0
0
0
0
1 3979
0
0
0
0
0
0
2 1725 4958
0
1 3029
0
0
1 3272
0
0
0
0
2 3530 4479
0
0
0
1 5452
0
2 1815 4013
0
1 81
1 5167
0
1 417
1 1842
1 2751
2 4786 5194
0
1 1583
1 3391
0
0
0
1 4608
1 4371
0
1 4022
0
0
1 3409
1 3531
2 1121 4146
0
0
0
0
0
1 3934
0
0
1 100
1 2644
0
0
0
0
0
1 1023
0
0
0
0
1 3196
0
1 5421
0
0
2 3508 4797
1 2497
1 2331
2 4200 5169
1 1714
0
0
0
1 4490
0
0
0
0
0
1 718
0
0
0
0
0
0
0
0
0
0
1 101
0
0
1 3953
0
0
1 184
0
0
0
0
1 1238
0
0
0
0
0
0
0
3 2139 3588 3855
0
0
1 277
2 585 5285
2 1255 1450
0
0
0
0
1 2417
1 1184
0
0
0
0
0
1 1801
0
0
0
0
0
0
1 3139
0
0
1 4870
0
0
1 4407
0
0
2 779 2697
2 2595 4017
1 1899
0
0
0
0
0
1 3902
1 2729
0
0
1 396
1 3465
1 3154
2 882 3811
1 2607
0
0
0
0
0
1 1875
1 2309
1 5137
1 5063
0
0
0
0
0
0
1 1468
0
1 5532
0
0
0
0
0
0
0
0
0
1 48
0
0
0
0
0
0
1 1111
1 689
1 1417
0
0
0
0
1 3073
0
0
0
0
0
0
0
0
0
0
1 949
0
0
1 3723
1 4068
1 5086
0
0
0
0
1 5378
0
0
0
1 2383
0
0
0
0
0
1 4495
2 137 4936
1 4636
0
0
0
0
1 2361
0
0
1 5197
2 3732 5321
1 1397
1 3273
1 4473
3 705 4039 5111
0
0
0
0
0
0
0
0
0
0
0
0
0
0
0
1 3906
1 1073
0
1 1652
0
0
0
1 5085
0
0
0
1 524
1 1221
0
0
0
0
0
0
0
0
1 790
0
0
0
0
0
0
0
0
0
0
0
0
0
0
0
0
0
0
0
1 4765
0
1 690
0
0
0
0
1 3087
1 177
0
0
0
1 505
0
0
0
0
0
0
1 2008
1 3216
0
1 1508
0
0
0
0
0
1 3257
0
0
0
1 3827
1 2724
0
0
0
0
0
0
0
1 90
0
0
1 5031
0
1 3967
0
0
1 621
0
0
1 2661
0
1 333
1 4139
1 2842
0
0
0
0
0
1 4710
0
1 5360
1 5484
0
1 2206
0
0
0
0
0
0
0
1 2602
1 4905
1 3569
1 1706
0
1 4019
0
0
1 205
1 3367
1 2453
0
1 2778
0
0
0
1 3773
1 3476
0
0
0
0
2 418 3606
1 4829
0
1 3613
1 1165
0
0
0
0
0
0
0
0
0
0
0
0
1 4128
0
0
0
0
1 5432
0
1 1854
0
0
0
0
0
0
0
1 3983
0
1 566
0
0
0
0
1 2929
1 4763
1 732
1 1941
0
1 721
0
0
5 141 231 1222 1593 2375
0
2 4734 5141
0
0
0
0
0
0
0
0
2 4585 5336
0
0
0
0
0
0
0
0
0
0
1 1435
0
0
0
1 769
1 252
0
0
0
0
0
1 387
0
1 2479
0
0
0
0
0
0
0
1 3760
1 1768
1 2638
0
1 4556
3 2769 2852 4160
0
0
0
0
0
1 2035
0
0
1 5280
1 5114
1 236
0
0
3 1196 2617 5190
0
0
0
0
1 397
0
0
1 1998
0
0
1 2905
1 4280
1 4357
1 4284
1 4578
0
1 3346
0
0
1 1552
1 282
0
1 2822
1 821
0
1 3407
0
0
1 5412
0
0
0
0
0
0
0
0
0
0
0
0
0
0
0
0
0
0
0
0
1 2348
0
0
0
0
0
1 2225
1 1654
0
0
0
2 2323 3742
0
0
1 5340
1 5313
0
0
2 701 5227
0
0
0
0
0
0
0
0
0
0
0
0
0
0
0
0
0
0
0
0
0
0
0
0
0
0
0
0
0
0
0
0
0
0
0
0
1 5316
1 3761
0
0
0
0
0
1 1958
0
1 1850
0
0
0
0
1 3644
0
1 4214
0
1 1183
0
0
0
0
0
0
1 460
0
0
0
0
0
0
1 21
0
0
0
0
0
1 25
0
0
0
0
1 50
0
1 2414
0
0
0
1 481
0
0
0
1 916
0
1 2750
0
0
0
0
0
0
3 294 3899 4260
2 5176 5303
1 4264
0
0
1 2096
0
2 1945 4851
0
0
0
1 4056
0
0
2 433 2442
0
0
0
1 1216
0
0
0
0
0
1 3635
0
0
0
0
1 2209
0
1 4816
0
0
1 4861
0
0
0
0
0
1 5542
0
0
1 3971
0
0
0
2 1105 5468
0
0
0
0
0
0
0
0
0
0
1 2230
0
0
0
0
0
0
1 1201
0
0
0
0
0
0
2 751 3652
0
0
2 18 2044
1 4499
0
0
1 3190
0
0
0
0
0
0
0
1 1062
1 4138
1 4810
0
1 1346
0
0
1 4828
1 2108
0
0
1 695
0
2 1357 3044
0
0
0
1 1883
1 4815
0
1 4928
0
1 4071
0
1 4288
1 2272
0
0
0
1 4572
0
0
0
0
0
0
0
0
0
0
0
0
0
0
0
0
0
1 1906
0
0
0
0
0
0
0
0
0
4 432 978 1343 4522
1 2896
0
1 2317
1 3454
0
0
0
0
0
0
0
0
0
0
0
0
1 5388
0
0
1 782
0
1 3624
0
1 4086
0
0
0
2 2083 4373
0
0
0
0
1 4349
0
1 3012
0
1 4790
0
0
0
0
0
0
0
0
0
0
1 2349
0
2 511 1577
0
0
0
0
0
0
0
0
1 1717
0
0
0
1 1472
2 942 4246
0
0
0
0
0
1 4874
0
0
1 1977
0
1 2125
2 1962 2543
0
0
0
0
0
0
0
0
0
0
0
0
1 2902
0
0
0
1 687
0
0
0
0
1 1749
0
0
2 1377 1795
0
0
2 3149 3759
1 1734
1 4540
0
0
0
1 2825
2 485 5382
0
0
0
0
1 2318
0
0
0
0
0
0
0
0
3 543 1903 3300
0
0
0
0
1 1572
0
0
0
0
0
0
0
0
1 2388
1 741
0
0
0
0
0
0
0
0
0
0
1 1235
0
0
0
2 442 5304
0
1 3535
0
0
0
1 761
0
0
0
0
3 358 2831 4170
0
1 619
0
0
0
1 3189
0
0
2 2951 4154
0
0
0
0
1 4350
0
0
0
0
0
0
0
1 1115
0
0
0
0
0
1 1453
0
1 1136
0
1 1573
0
0
1 1545
0
0
1 4963
2 2845 3522
0
0
0
0
0
0
0
0
0
0
1 2210
0
1 4212
0
0
0
0
1 2892
0
0
0
0
0
0
1 4023
1 2707
0
1 3210
1 1995
0
1 2178
1 5216
1 4202
0
0
1 2021
0
0
0
0
1 2406
0
0
0
1 5329
2 1651 2229
0
0
0
0
0
0
1 2182
0
0
0
0
1 263
0
0
1 1379
0
0
0
0
1 4729
0
0
2 3418 4457
1 2989
0
1 322
1 3403
0
0
0
1 1898
1 4186
1 2045
0
2 1798 4196
0
1 5008
2 2398 3114
0
1 3592
1 4303
0
0
0
1 1322
1 3167
0
0
0
0
0
0
0
0
0
0
0
1 437
0
0
0
0
0
2 1837 4257
0
0
0
0
1 3575
1 4172
0
0
0
0
0
0
0
0
0
0
0
0
0
1 2562
0
0
1 11
0
0
0
0
0
0
0
0
0
0
1 1215
0
0
0
1 671
0
0
2 92 2097
0
2 530 5040
1 4286
0
0
0
0
0
0
0
0
0
2 2110 2424
0
0
1 4261
0
1 940
0
0
0
0
0
0
0
0
0
0
0
1 400
0
1 2973
0
1 3182
1 2734
0
1 3755
0
0
3 659 1122 2739
1 1297
0
0
0
0
0
0
0
0
0
1 3370
0
0
1 5415
1 787
0
0
0
0
1 798
0
0
0
0
1 4783
0
0
0
1 517
1 5275
0
0
0
1 5363
2 1961 5278
2 2076 4269
0
0
0
0
0
0
1 3209
0
0
0
0
0
0
0
0
0
1 2422
1 3767
2 1049 4979
1 4960
0
1 3486
0
1 4470
0
0
1 1461
2 3028 3891
0
0
0
0
0
0
1 609
0
2 1047 2962
0
0
0
1 3506
0
0
0
1 1936
2 1778 3636
0
1 1188
1 28
0
0
0
0
1 1270
0
1 1205
1 3550
0
0
0
0
0
0
0
1 5402
0
0
0
0
0
0
0
0
0
0
0
1 1999
0
0
0
3 4775 4889 5545
0
0
0
1 3430
1 656
0
0
0
0
0
0
0
1 4888
1 1172
1 3294
0
0
0
0
1 5441
0
0
1 3512
0
0
0
0
0
0
1 2001
0
0
1 5148
1 4018
0
0
0
0
1 1316
0
0
0
1 5345
0
0
0
0
0
0
0
0
0
1 747
0
0
0
0
1 3793
0
0
1 59
0
2 3111 5075
1 2489
2 876 4590
1 3321
0
0
1 1860
0
1 4058
0
1 1162
1 1265
1 1913
0
3 66 3252 5397
1 1129
0
1 2794
1 2894
0
2 1623 5527
0
0
1 563
0
0
0
0
0
1 808
0
0
0
1 4045
0
0
0
1 1279
2 528 746
0
0
0
0
0
0
1 4753
0
1 4416
0
0
1 5454
0
0
0
1 554
0
0
0
1 641
1 1608
0
0
0
0
0
1 759
0
0
1 5418
0
0
0
0
1 4386
0
0
1 2715
0
0
0
0
0
1 5417
0
1 3138
0
0
1 2899
0
0
1 4744
0
0
0
1 2622
0
0
0
0
0
3 3683 3787 4635
1 3631
0
1 2550
0
0
0
0
0
0
0
1 4515
0
0
0
0
1 2164
0
2 1997 3856
0
0
0
0
0
0
0
1 5168
1 1811
0
0
1 3239
0
0
0
0
0
0
0
0
1 3018
0
0
0
0
0
0
0
0
1 717
0
0
1 4306
0
1 5520
0
0
0
0
0
0
1 5338
0
0
1 5334
1 4374
0
1 27
0
0
0
0
0
0
0
1 3325
0
0
0
0
0
0
0
0
0
1 1194
0
2 112 5455
1 1015
0
0
0
0
0
0
0
0
2 3169 4249
0
0
1 5030
0
0
0
0
0
0
0
0
0
0
1 3957
2 159 1178
0
0
0
0
0
0
0
1 4997
0
1 1567
0
1 1708
1 4969
1 4778
0
2 168 3895
0
0
0
0
0
0
0
0
0
0
0
1 3142
0
0
0
0
0
0
0
1 2864
0
0
0
0
0
0
0
0
1 5374
0
1 1673
0
1 4674
0
0
0
0
0
0
1 3596
1 3716
0
0
0
0
0
0
1 4987
1 1722
0
1 872
0
0
2 1388 3269
0
0
0
0
0
0
0
0
0
1 2916
0
0
1 2818
0
0
0
1 4259
0
0
0
1 3689
0
1 3961
0
1 3184
1 3124
0
0
0
0
1 3762
1 2488
2 697 1458
0
0
0
0
0
0
0
1 2996
1 5072
0
0
0
0
1 399
2 2120 4877
0
1 4130
0
0
0
0
0
0
0
0
0
0
0
0
0
0
0
0
2 3608 5041
0
0
0
0
0
0
1 233
1 5235
0
0
0
0
0
0
2 4882 5394
0
0
1 5026
0
1 2911
0
0
0
2 4604 5268
0
0
0
1 4878
0
0
0
1 329
0
0
1 468
0
0
0
0
0
0
0
0
0
0
0
0
0
0
0
0
0
0
0
1 1418
0
0
0
0
0
1 2889
2 4051 4387
0
0
0
1 3036
2 4568 5467
0
0
1 544
0
0
0
0
0
0
0
0
0
0
0
1 4918
0
0
0
1 3141
0
0
0
0
0
0
1 1794
1 1772
1 2564
0
0
0
0
0
0
0
0
0
0
0
4 2640 2685 3911 5155
1 1198
0
1 2923
0
0
0
0
0
0
0
0
0
0
0
0
1 565
0
1 365
0
0
0
0
1 4907
0
0
3 860 1342 4906
0
0
1 4959
0
2 2325 3410
1 2185
0
0
1 1823
0
1 2211
0
1 5379
1 452
2 1031 2376
1 5543
0
0
0
0
0
2 823 1046
1 2303
0
0
0
0
0
1 303
0
0
2 249 3640
0
0
0
0
0
0
0
1 5449
0
0
0
1 2071
0
0
1 5507
0
0
4 700 1480 2219 3801
1 3589
0
0
1 1339
0
0
0
0
0
1 4625
0
0
0
1 4256
0
0
0
0
1 598
0
0
0
0
0
1 3297
1 2560
0
0
0
0
0
0
0
0
0
0
0
0
0
1 446
1 3670
0
0
0
0
0
0
0
0
0
0
0
0
0
0
0
0
2 702 896
0
0
0
0
0
0
1 1217
0
0
0
1 1849
0
0
0
0
0
1 3901
0
0
0
0
0
1 4916
0
1 4526
0
0
0
0
2 1351 2745
1 3366
0
0
2 2807 4140
0
0
0
0
0
0
0
0
0
0
0
0
0
0
1 716
0
0
1 1822
0
1 1219
0
0
0
0
0
1 1296
0
0
0
0
0
0
0
0
0
0
0
1 1140
0
0
0
1 578
0
1 1004
0
0
0
0
0
0
0
1 2470
1 5056
0
0
0
0
0
0
0
1 3870
1 2910
0
0
1 2581
1 643
1 2326
0
0
0
0
0
1 3687
0
0
1 4981
1 1399
1 3560
1 2510
1 4021
0
0
0
0
0
0
0
0
0
0
0
0
1 2772
0
0
0
0
0
0
2 2240 5242
1 5034
0
0
0
1 4566
0
2 371 2436
0
1 4228
0
1 4637
0
0
0
0
0
1 1994
0
0
0
0
0
0
0
1 1973
0
0
0
0
0
0
0
0
0
0
0
0
0
0
0
0
0
0
0
0
0
1 471
1 3884
0
0
1 682
0
1 1777
0
0
0
0
0
1 1564
0
0
0
0
0
0
0
0
0
0
0
1 5175
0
0
0
1 4634
0
0
0
1 2456
0
0
1 261
1 2463
0
2 251 1787
1 3804
0
1 4344
1 319
0
1 2643
0
0
0
1 1230
1 309
0
1 2982
0
0
0
0
0
1 696
0
0
1 1011
0
0
1 1827
0
0
0
0
0
0
0
0
0
0
0
0
0
0
0
0
0
0
1 5089
0
1 2534
0
1 1853
0
1 3323
2 1575 1731
0
0
0
0
0
1 1332
0
1 1253
0
0
0
0
1 5269
0
2 3393 3719
2 1404 3980
0
0
0
0
0
1 2932
1 1586
0
1 3943
1 5128
0
0
0
1 1764
0
0
0
1 1799
0
0
1 5027
0
1 5112
0
0
0
2 1779 2158
1 2314
0
0
5 758 995 1415 1934 2507
0
1 156
0
1 4505
0
0
0
0
0
0
0
1 4072
3 1034 2949 3090
0
0
0
0
1 5201
1 5048
1 65
0
0
0
0
0
0
1 262
0
0
0
1 1882
0
0
1 3069
0
0
1 2482
1 5098
1 324
1 1990
2 3390 5043
0
2 527 3890
0
0
0
0
0
0
0
1 2134
1 3322
0
0
1 726
0
0
0
0
0
4 440 918 3417 5091
0
1 922
0
0
0
0
0
0
0
0
0
1 1925
0
0
1 4665
0
0
0
0
0
0
0
1 2980
0
1 382
0
0
0
1 1497
1 73
0
0
1 3668
1 3873
1 56
0
0
0
0
1 628
0
0
0
1 5469
0
0
0
0
0
0
2 199 2764
0
1 928
0
0
0
1 483
1 5081
0
0
0
0
0
0
1 2978
1 588
0
0
0
0
0
0
0
0
0
0
0
0
0
0
0
0
0
0
1 171
0
0
1 3157
1 3553
0
0
0
0
0
0
0
0
0
0
0
0
0
1 2033
0
0
1 2308
1 5398
0
1 886
0
1 3202
0
1 2693
1 5240
0
0
0
0
1 2455
0
0
0
0
1 2480
1 5014
0
0
1 1812
0
0
0
1 134
0
1 1630
0
1 2475
0
0
0
1 4469
0
1 320
0
0
0
0
1 4714
0
0
1 204
1 1177
0
0
1 414
1 2925
0
2 99 1835
1 4506
2 469 5505
0
0
0
1 3853
0
0
0
1 3682
1 408
1 2047
0
0
1 491
0
0
0
1 3132
1 4949
1 5466
0
1 1663
0
0
1 3539
1 936
1 3692
0
0
0
0
1 4321
1 4868
0
1 1745
0
0
0
0
0
0
0
0
0
0
3 1624 1984 2522
0
1 5179
0
0
0
0
0
1 1581
0
1 3004
0
2 110 2779
2 1828 3912
0
0
0
0
0
0
0
1 3095
0
0
0
0
1 3475
0
0
1 2221
1 4707
0
0
0
0
0
0
0
0
0
0
0
0
0
0
0
0
1 832
1 3232
0
0
0
0
0
0
1 2295
0
1 3130
1 5183
0
0
1 4529
1 3191
0
0
0
0
0
0
0
0
0
0
1 1393
0
0
0
0
0
0
0
0
0
1 3916
0
0
0
0
1 2288
0
2 2873 4913
0
0
0
2 281 1726
1 474
0
1 4119
0
0
0
0
0
0
0
0
0
1 4426
0
0
0
0
1 2856
0
1 367
2 4524 5341
1 1000
1 2701
0
0
0
1 3152
0
1 2536
0
0
0
0
2 1909 4335
0
2 1067 1776
0
0
1 2805
1 4485
1 4965
0
0
1 3648
0
2 3331 4483
0
0
0
1 4116
0
0
2 2409 5126
0
0
0
0
0
1 5225
0
0
0
0
0
1 3400
0
0
0
1 4865
0
0
0
1 3026
2 733 4667
0
0
1 2674
0
1 2395
0
0
0
0
0
0
0
0
0
1 4948
0
0
0
0
1 3913
0
0
0
1 5450
0
0
0
1 2496
0
1 1507
1 4808
0
0
0
1 4766
1 1091
0
1 476
0
0
0
1 1848
1 3662
0
0
0
0
1 2147
0
0
0
0
2 1440 2908
1 347
1 547
1 5
0
0
0
0
0
0
0
0
1 4353
0
0
0
0
0
1 5016
0
0
1 5290
0
0
0
0
1 2960
2 5135 5539
0
1 4069
1 3361
0
1 2300
0
0
0
0
0
0
0
1 539
0
2 571 1159
0
1 3842
0
0
1 3574
0
0
0
0
2 1191 2887
0
0
0
0
0
0
0
0
0
1 3770
2 2194 2404
1 4245
0
0
1 1145
0
0
0
0
1 3043
0
0
0
0
0
0
0
0
0
0
1 4530
0
0
0
1 4048
1 3794
0
0
0
0
2 3250 3647
0
0
0
2 1757 2913
0
0
2 2593 4575
0
0
0
0
0
0
0
0
0
0
0
0
1 3201
1 3165
0
0
0
0
0
0
0
0
0
0
0
0
0
0
3 2953 3099 5502
0
0
1 1746
0
0
1 46
1 3645
0
0
0
1 4450
0
1 912
1 2988
0
0
0
0
0
2 223 3405
0
0
1 1741
1 1350
1 4028
0
0
2 1133 2950
0
0
0
0
0
0
0
0
1 1446
1 3545
0
0
0
1 2223
0
1 62
1 2038
0
0
0
0
0
1 4496
0
0
0
1 1979
0
0
1 789
1 4459
0
0
1 2952
0
5 202 963 1610 4745 5092
0
1 2287
0
1 2563
0
1 4000
0
0
0
0
0
1 1082
1 4239
0
0
0
1 4267
0
1 310
0
0
0
1 5276
0
1 4746
0
0
0
0
0
0
0
0
0
0
0
2 2477 4694
1 2775
0
0
0
0
0
0
0
0
0
1 2274
0
0
0
0
2 2141 5245
0
1 2119
0
2 241 3497
0
0
0
0
1 4788
0
0
0
0
1 1293
0
2 1992 3053
0
0
0
2 4184 4454
1 4341
0
0
0
0
0
0
0
0
0
1 1664
0
0
0
0
0
0
0
0
0
0
1 1607
1 4378
0
0
1 2990
0
0
0
1 4740
0
0
0
0
0
0
0
0
0
0
1 1727
1 3875
0
0
0
1 337
0
0
0
0
1 1639
0
0
0
0
0
0
1 3429
0
0
0
0
2 956 1149
0
0
2 4004 5001
0
1 1392
1 2919
0
0
0
0
0
0
0
0
0
1 464
1 1587
0
1 3215
0
0
1 1250
0
0
0
2 1403 2862
0
1 3965
0
0
0
1 3422
0
0
0
0
1 1740
0
0
0
0
0
0
1 4155
0
0
0
0
0
0
2 3736 4892
0
0
0
0
1 3501
0
0
0
0
0
1 1471
0
0
0
0
0
0
0
0
0
0
0
1 669
0
0
1 4241
1 4917
1 2903
0
0
0
0
0
0
0
0
0
0
0
0
0
0
0
1 4328
0
1 2591
0
1 1470
0
0
0
0
1 1099
0
0
0
0
0
1 3487
0
0
0
0
0
0
1 2256
0
0
0
0
1 5440
1 1020
0
0
0
0
0
1 723
1 2866
0
0
0
0
1 2955
0
1 1541
1 3864
1 508
2 3968 5314
0
0
0
4 2109 2509 2795 2828
0
0
0
1 591
0
1 4855
2 2412 5142
0
0
0
0
1 4574
0
0
1 5351
0
0
0
1 1744
1 1696
0
0
0
0
0
1 224
1 1432
0
1 2005
1 5524
1 4464
0
0
0
0
1 5389
1 1371
1 4657
0
1 1659
0
0
0
0
0
0
0
1 842
0
0
0
0
1 3183
0
0
0
0
1 3837
0
1 668
0
0
0
0
0
0
0
0
0
0
0
0
0
0
0
0
1 247
0
0
0
0
1 982
0
0
0
0
0
0
1 2508
0
0
0
0
1 1655
0
0
1 2380
0
1 2517
0
0
1 125
0
0
0
0
0
0
0
0
0
0
0
0
0
1 1286
1 4945
0
1 2181
0
0
0
0
0
0
1 180
0
0
0
0
0
1 1154
0
0
0
0
0
0
0
0
0
0
1 1792
0
1 1094
0
0
1 4814
0
0
0
1 2793
0
0
0
0
0
1 4301
0
0
0
0
0
0
1 715
0
0
0
0
0
0
0
0
0
0
1 1068
0
0
0
1 1951
0
0
1 3285
0
1 4542
0
0
0
0
0
0
0
0
1 615
1 2224
0
0
0
0
0
1 2135
0
0
1 4510
0
1 3527
1 9
0
0
0
0
0
0
0
0
0
2 2546 2601
0
1 4036
0
0
0
0
0
0
0
0
0
0
0
0
0
0
0
0
0
0
0
0
1 3786
0
1 5059
0
0
1 1080
0
0
0
1 3193
2 1341 2064
0
2 1938 5487
0
0
0
0
0
0
0
2 3701 4615
0
0
0
0
0
0
0
0
0
0
0
1 4410
0
0
0
0
0
0
0
0
0
0
0
0
0
0
1 4233
1 4067
0
0
0
0
0
0
0
0
0
0
0
0
0
0
0
1 1504
0
0
2 3830 4082
0
0
0
0
0
0
0
0
0
0
0
1 5152
0
0
0
1 1753
0
0
0
2 364 2232
0
0
0
0
0
0
0
0
0
1 2457
0
0
0
0
0
0
1 2612
0
0
0
0
2 2041 5457
0
0
0
0
1 136
0
1 3498
1 4704
0
0
0
0
0
0
0
0
0
0
0
0
0
0
0
0
0
0
0
0
0
0
0
0
0
0
0
0
0
0
0
0
0
0
1 2606
1 1526
1 7
0
0
0
0
0
0
1 1236
2 2561 4465
0
0
0
1 4157
3 3658 4400 4711
0
0
1 2131
0
2 2338 2410
0
0
0
0
0
0
0
0
0
0
0
0
0
0
1 1098
0
1 2964
1 3375
0
0
0
0
0
0
0
0
0
0
0
0
1 5032
0
0
0
0
0
1 5160
0
2 148 2569
0
0
0
0
0
1 3898
0
0
0
0
0
0
0
0
0
0
0
0
1 5519
0
1 3833
0
0
0
1 458
1 2148
1 3803
0
0
0
1 197
0
0
2 297 3164
0
2 2448 3079
0
1 1421
0
0
0
0
0
0
0
0
1 2875
0
0
0
0
0
1 3262
0
0
0
1 238
0
0
1 2009
0
0
2 522 2717
0
0
0
0
2 1304 2075
0
2 925 4600
1 4191
0
0
0
0
0
0
1 1675
0
1 4923
1 2936
1 1065
0
0
0
1 4741
0
0
0
0
0
0
0
0
1 131
0
0
0
0
0
0
0
2 3633 4141
1 1650
0
0
1 2149
1 2969
0
0
0
0
0
0
0
0
1 1248
1 2500
0
0
1 2431
0
0
0
0
1 1814
0
0
2 3746 5296
0
0
0
0
0
0
0
0
0
0
0
0
1 5436
0
0
1 1755
0
0
0
0
1 4043
0
0
1 2655
1 196
1 4539
1 4944
1 1263
0
0
0
0
0
0
1 2909
0
1 3567
0
0
1 1730
0
1 3779
0
1 650
0
0
0
0
1 1711
1 531
0
0
1 341
0
0
0
0
0
0
0
0
0
0
0
0
0
0
0
0
0
0
0
0
1 4365
1 2827
1 3437
0
1 1773
0
4 143 2710 3894 4355
0
0
1 349
0
0
0
0
0
0
1 3627
1 3982
0
1 2447
0
0
0
0
1 734
2 3251 4685
1 3822
0
1 5498
0
0
0
0
0
0
0
0
0
0
0
0
0
0
0
0
0
0
0
0
0
1 2471
1 3228
0
0
0
0
0
0
1 910
0
0
0
0
0
0
0
0
0
0
0
1 357
0
0
0
0
0
0
0
1 5181
0
0
0
1 1413
0
1 3872
0
0
1 4081
0
0
1 1907
0
0
0
0
0
0
1 4848
0
0
0
1 2820
0
0
0
0
0
0
0
0
0
0
0
0
1 4090
0
0
0
0
0
2 503 3435
0
0
0
0
0
0
0
0
0
1 4026
0
0
0
0
1 37
0
0
0
0
1 3650
0
0
1 1980
0
0
0
0
0
0
0
0
0
0
1 1398
1 5500
0
0
0
0
0
0
0
0
0
0
0
0
0
1 2384
0
0
0
0
0
0
0
0
0
0
0
0
1 793
1 1737
0
0
0
1 4669
0
0
0
0
0
0
0
0
0
0
0
0
1 1884
0
3 2267 2322 3452
2 4513 4730
1 1613
0
0
0
0
1 1059
0
0
1 2017
0
0
1 2439
1 4555
1 720
0
1 1911
0
0
0
0
0
0
0
1 512
0
0
0
0
0
0
1 3415
0
0
0
1 3265
0
1 5237
3 796 2299 3695
0
0
0
0
0
0
1 4939
0
0
0
1 4322
0
0
1 4136
0
0
0
0
0
0
1 5006
1 2771
0
1 1438
0
1 5103
0
1 4238
0
0
1 326
2 775 1071
0
0
0
0
0
0
0
0
0
0
1 4247
1 4995
1 4273
0
1 169
0
0
0
0
0
1 3691
0
1 4232
0
0
2 312 2275
0
0
1 4836
0
1 972
2 1700 4552
0
0
0
0
0
1 3404
1 2027
0
1 5494
0
0
0
1 1126
0
0
0
1 4389
1 2116
1 2664
0
0
0
0
0
0
0
0
1 1865
0
0
0
0
0
0
0
1 4158
0
1 5346
0
1 2098
0
0
0
0
2 4159 4675
2 2458 3543
0
1 2673
1 5061
0
0
0
0
1 3291
0
0
0
0
1 5403
0
0
1 5307
0
0
0
1 97
0
1 5083
0
0
0
0
1 2666
1 4401
0
0
0
0
0
0
2 372 2839
0
0
0
0
1 5146
0
1 5383
1 216
1 5184
0
1 4070
1 3462
0
1 677
2 933 4528
0
1 1320
1 1301
0
1 3663
0
1 3396
0
0
1 5364
0
0
1 1195
0
0
0
0
0
3 901 3450 4910
0
0
0
0
0
1 938
0
1 4800
0
0
1 2672
0
0
0
0
0
1 2632
0
2 291 1074
1 3236
0
0
0
2 1677 3155
0
0
0
1 2652
2 1781 4077
1 192
0
1 3844
0
2 976 2637
0
1 2975
0
0
0
2 4994 5349
0
0
2 270 686
0
0
1 3080
1 4696
1 5192
0
2 3488 4282
0
0
1 3123
0
1 4985
0
0
0
0
0
0
0
0
0
0
0
0
0
0
0
0
0
0
1 495
0
0
0
0
0
0
0
0
0
1 3616
0
0
0
0
0
0
0
0
3 153 1433 4168
0
0
0
0
0
0
0
0
1 4323
0
0
0
0
0
0
0
0
0
0
0
0
0
0
0
0
0
0
0
0
0
1 2364
0
0
0
0
2 724 2620
0
0
1 1226
0
1 186
0
0
1 1233
0
0
0
0
0
0
0
0
1 4845
0
1 1892
0
0
0
0
1 1119
1 4806
0
0
0
0
0
0
0
0
0
0
0
0
0
0
0
0
0
0
0
0
0
1 4405
0
0
1 1619
0
0
1 1579
1 4824
0
0
1 2451
0
0
0
2 2084 3671
0
0
0
1 4165
1 75
2 55 5203
0
0
0
0
1 679
0
0
0
0
0
0
0
1 2291
0
0
1 3955
0
0
0
1 2067
0
0
0
0
0
0
0
0
0
0
0
0
1 5370
0
1 5315
0
0
0
0
0
0
0
1 3274
0
0
0
1 5097
0
0
0
0
0
0
1 2279
0
1 748
0
0
0
0
0
0
0
0
0
1 3765
0
1 198
0
0
0
0
0
0
1 230
0
0
0
1 2731
0
0
0
1 5007
0
0
0
0
0
2 1008 2373
0
1 2542
2 343 3281
2 1424 2694
0
1 2205
0
0
1 4782
0
0
0
0
0
1 4272
0
1 2650
0
0
0
0
0
0
0
0
0
0
0
0
1 32
0
0
0
0
0
0
0
0
0
0
0
0
1 1555
0
0
0
2 786 3144
0
0
0
4 1724 4024 5188 5353
1 1181
0
0
0
0
0
0
0
0
0
1 3931
0
0
0
0
0
0
0
0
1 2566
0
0
0
0
0
2 2060 3930
1 3466
0
0
0
0
0
2 532 2420
0
1 4934
1 5087
0
0
1 5082
1 1601
0
0
1 4482
0
1 953
2 2527 3013
0
1 4653
0
0
0
5 314 1042 1546 2853 3869
1 2089
0
1 2669
1 5503
0
0
0
1 3317
0
0
0
1 3758
0
0
0
1 5534
1 5020
0
1 124
0
0
0
1 1686
0
1 185
1 4950
0
0
0
0
1 570
1 3678
0
2 1535 2244
1 352
0
1 4971
0
0
0
0
0
0
0
0
0
0
1 1175
1 3825
1 1368
0
0
0
0
1 2435
0
0
0
0
1 5461
1 1758
1 2895
0
0
1 85
0
0
0
0
0
0
0
0
0
0
0
1 1641
1 2334
0
0
1 1278
0
1 2363
0
0
0
0
0
0
1 3463
0
0
0
0
0
0
0
2 1026 4277
2 335 1408
2 2718 4525
0
0
0
0
0
0
1 2372
1 1308
1 897
0
0
0
2 2091 2597
0
1 1943
0
0
0
0
1 4670
0
0
0
0
0
1 2297
1 3774
0
0
0
0
0
0
0
0
1 1862
0
0
0
0
0
0
0
0
0
1 3797
0
0
0
2 2981 3529
1 5427
0
0
0
1 5173
0
1 3914
1 345
0
0
0
1 313
1 3052
2 1247 1803
0
1 2355
0
0
0
0
0
1 1155
0
0
1 2161
0
0
0
0
0
0
1 208
0
0
0
1 443
0
0
0
0
1 3245
1 1774
0
0
0
0
0
0
0
0
0
0
0
3 880 5248 5431
1 1944
0
0
0
0
1 2663
1 2598
1 3444
0
0
0
0
0
0
0
1 1028
0
1 3777
0
0
0
1 1560
1 1918
1 2469
0
0
0
0
0
0
0
1 4570
0
1 1657
0
0
0
0
2 3748 4794
0
1 4218
0
0
1 1367
0
0
0
0
0
1 4135
0
1 4113
0
0
2 1618 3022
1 4860
1 3834
0
0
0
2 340 1324
0
0
1 579
0
0
0
0
0
0
1 2782
0
0
0
0
0
0
0
0
0
0
0
0
0
0
0
0
0
0
1 3171
0
0
0
0
0
1 3282
0
0
1 5497
1 3353
0
0
0
0
0
1 4123
1 4240
0
1 5145
0
0
0
0
0
0
0
0
0
0
0
0
0
0
1 450
1 2032
0
0
0
2 1939 3944
0
0
0
0
1 4208
0
1 841
0
0
0
0
0
0
0
0
0
0
0
1 799
0
0
0
1 797
0
0
1 3615
0
0
0
0
0
0
0
1 506
0
0
0
0
0
1 658
0
0
0
0
0
1 1908
0
1 4893
0
3 1186 1810 5395
1 385
0
1 3601
0
1 1456
0
1 1407
0
2 121 1646
0
0
0
1 2503
2 3992 4044
0
0
0
0
0
1 794
0
0
0
0
2 1439 3673
0
0
0
0
0
0
1 2716
0
0
0
0
0
1 256
0
0
0
0
0
0
0
0
0
1 1024
0
0
0
0
0
0
0
1 1459
0
0
0
1 2826
1 1058
0
0
0
0
0
0
0
0
1 4327
0
0
1 5347
0
0
0
0
0
0
0
1 3212
0
0
0
0
0
1 3086
0
0
0
1 4640
0
1 1454
1 3223
0
0
0
0
0
0
1 991
0
0
0
1 2212
0
1 2186
0
0
1 2237
1 4592
1 3174
1 1881
0
0
0
0
0
0
2 242 1108
0
0
0
0
0
0
0
0
1 2934
1 5350
0
2 3260 5260
0
0
1 3525
0
0
0
1 1005
1 4605
0
1 3897
0
1 323
1 839
1 3131
0
0
0
0
0
1 914
0
0
0
0
1 4990
0
0
0
0
0
0
0
0
0
0
0
0
1 2865
0
1 3956
0
0
1 254
1 3763
0
0
0
0
0
0
0
0
0
0
0
0
0
3 784 1632 3261
0
1 118
1 2575
0
1 1197
0
1 4683
0
0
0
0
0
0
0
1 4211
0
0
1 3472
0
0
0
0
0
0
0
1 2676
0
0
0
0
0
0
1 4338
1 3817
0
0
0
0
0
0
0
1 127
0
0
0
0
0
1 2368
1 2552
0
0
1 3045
0
0
0
0
0
0
0
0
0
1 218
0
0
0
3 3204 3861 3954
0
0
1 777
1 2642
0
0
0
0
0
0
0
0
0
0
0
1 228
0
0
1 2863
0
0
1 4548
0
0
0
1 595
0
1 2954
0
0
1 3491
1 2656
0
0
1 4298
0
0
0
0
0
0
0
0
0
0
0
0
0
0
1 3302
0
1 3101
0
0
0
0
0
1 3728
1 1750
0
0
0
0
1 102
0
1 1512
0
0
2 3828 5377
0
0
0
0
0
0
1 4866
1 2342
0
0
1 1625
1 1066
0
0
0
1 3907
0
0
0
2 2391 5381
1 3225
0
0
0
0
0
0
0
0
1 1668
1 2294
1 5084
1 1857
1 4933
1 4354
0
1 944
0
0
0
0
0
0
1 4886
0
0
1 1877
0
0
0
0
1 1347
0
0
0
0
0
0
0
0
0
2 903 3280
0
1 1431
0
0
0
0
0
0
0
0
0
1 2121
0
0
0
0
1 1536
1 4437
0
0
0
0
0
1 1637
0
0
0
0
1 181
0
0
0
0
0
0
1 1775
1 2659
0
0
1 5233
0
0
0
1 2239
1 4925
0
0
0
1 843
0
1 1930
0
0
1 3374
0
0
0
0
0
1 3064
0
0
0
0
0
1 4632
0
0
0
0
0
0
0
0
0
0
0
0
1 4684
0
0
0
0
0
0
0
1 2207
1 4060
0
0
0
0
0
0
0
1 3207
0
1 376
0
2 1491 1697
2 373 2616
0
0
0
0
0
1 301
1 4161
0
1 3085
0
0
1 592
0
0
0
0
0
0
0
1 2519
0
0
0
0
1 4584
0
0
0
0
0
0
1 2359
0
1 2809
0
0
0
0
0
0
1 699
1 2155
1 4807
1 4827
0
1 1041
1 3813
1 2046
0
0
0
0
0
0
0
0
0
0
0
0
1 5281
0
1 4678
0
1 4061
0
0
0
0
0
0
0
0
0
0
0
0
1 4268
0
0
1 5035
0
1 4064
1 4648
0
1 2133
0
0
1 2176
0
0
0
0
0
1 3315
0
1 1525
0
0
0
1 5311
0
1 1582
0
0
0
0
1 3564
0
0
0
0
0
0
0
1 4713
0
0
0
1 921
0
1 3840
0
0
2 1012 3600
0
0
0
0
0
0
0
0
0
0
1 4599
0
0
0
1 497
0
0
0
0
0
3 4441 4644 5399
1 5187
1 2570
0
2 1277 1455
1 1926
0
0
0
1 2993
1 3730
0
0
0
0
1 5129
1 2268
0
0
0
0
1 4474
0
1 3159
0
0
0
1 5069
0
0
0
1 4050
0
0
0
0
0
0
0
0
1 5130
0
0
0
2 3722 5270
0
0
0
1 1051
0
1 5348
0
0
1 234
0
0
2 3966 5131
0
0
0
0
0
0
0
0
0
0
0
1 2787
0
0
0
0
0
0
0
0
0
1 2611
0
0
0
0
0
0
0
0
1 4796
0
0
1 4398
1 4695
0
0
0
0
1 3672
1 1093
0
1 713
0
0
0
0
1 2770
1 3945
0
0
2 3107 4427
0
1 1844
0
0
0
0
1 4781
1 4423
1 2433
0
0
0
1 3384
0
0
1 4210
1 298
1 4686
0
1 1101
0
1 2330
0
0
1 1928
1 1384
0
1 116
0
0
0
0
0
0
0
0
0
1 992
0
0
0
1 1550
0
3 2138 3686 4534
0
0
1 2843
0
0
0
0
0
0
0
0
0
0
0
0
1 1147
0
0
0
0
0
0
0
1 465
0
0
1 5009
0
0
0
0
0
0
0
0
0
0
0
0
0
0
0
0
0
0
1 2371
0
0
0
1 5198
2 1428 3198
0
0
0
0
0
0
1 4787
0
2 999 2048
0
1 49
0
2 83 2386
0
0
0
7 350 502 1736 1771 3311 4012 4821
0
0
0
0
0
0
1 5419
0
2 2926 4375
0
0
0
1 4332
0
1 222
1 939
0
0
0
0
0
0
0
1 3474
0
0
0
0
0
0
1 2814
0
0
0
1 3720
0
0
0
0
0
0
1 785
0
0
0
1 243
0
0
0
0
0
0
0
0
1 1245
0
0
0
0
0
5 1202 2976 3800 4125 5361
0
0
0
0
1 2596
0
1 545
0
0
0
0
0
0
0
0
0
0
0
2 493 4243
0
0
2 2243 2788
0
0
0
1 2266
0
1 1485
0
0
0
0
0
0
0
0
0
0
0
0
0
0
0
0
0
0
0
0
0
0
0
0
0
0
0
1 3556
0
1 1075
0
0
1 401
0
0
1 5121
1 2401
0
2 361 1957
0
0
0
0
0
0
0
0
0
0
0
0
0
0
0
1 3438
0
0
0
0
0
0
0
0
0
1 1132
0
0
0
1 2028
0
0
0
0
0
1 5185
0
0
0
0
0
0
1 311
0
0
0
0
0
0
0
0
0
0
0
0
0
0
1 1224
0
0
0
0
1 428
0
0
1 2670
0
0
1 5219
0
0
0
0
0
0
0
0
0
0
0
0
0
0
0
0
0
0
0
0
0
0
1 68
0
0
0
0
0
0
0
0
0
0
0
0
0
0
0
0
0
0
0
0
1 3517
0
0
0
0
0
0
0
0
0
1 1359
0
0
0
0
1 3642
0
0
0
0
0
0
0
0
0
0
0
0
0
0
0
0
0
0
0
0
0
0
0
0
0
0
1 1982
1 5222
0
0
1 2315
1 4838
0
1 5408
0
0
0
0
0
0
0
0
1 84
1 4767
0
1 2868
0
0
0
0
0
0
0
0
0
0
0
0
0
1 2577
0
0
1 1983
1 4366
0
0
0
1 4480
0
0
0
0
0
0
0
0
1 3360
0
3 426 1631 5243
0
0
0
0
0
0
1 1182
1 4647
0
0
0
0
0
0
0
0
0
0
0
1 1622
0
0
0
0
0
0
0
0
7 518 802 1207 2264 3271 4668 4871
0
0
1 2040
1 735
0
0
1 2055
0
0
1 4494
0
0
0
1 5050
0
1 2631
1 1576
0
1 5459
0
0
0
0
0
0
1 441
0
0
0
0
0
1 4478
0
0
0
0
0
1 3423
0
0
1 4380
0
1 4468
0
0
0
0
1 3238
0
0
0
0
1 3976
0
0
0
1 5109
1 1946
0
0
1 4687
0
0
0
1 4937
0
0
0
0
0
0
0
1 1246
0
2 561 4336
1 2143
0
0
0
1 2680
0
0
1 653
2 3440 3562
0
0
0
0
0
0
0
0
0
0
1 2783
0
0
0
0
0
0
0
0
0
1 4812
0
1 4940
1 174
0
0
0
1 2639
0
0
0
0
1 1430
0
0
0
0
1 4097
0
0
0
0
1 255
0
0
0
1 962
0
1 299
0
0
1 306
2 427 3256
0
2 3100 4190
0
2 1603 3756
0
0
1 542
0
1 3782
0
0
0
1 472
0
1 556
1 5437
2 1331 4558
0
1 317
0
0
0
0
0
0
0
0
0
0
1 510
0
0
0
1 4162
0
0
1 42
0
0
0
0
0
0
0
0
1 2859
0
1 3451
0
0
1 5107
1 3815
0
0
1 2353
1 4124
0
0
0
0
0
0
0
0
1 67
0
0
1 4216
0
0
0
0
0
0
0
0
0
1 1079
1 4040
0
0
1 173
0
0
0
0
1 2615
0
0
1 1554
0
0
0
0
1 5423
0
1 742
1 4285
0
1 305
0
0
0
0
0
0
1 4404
1 932
1 5223
0
0
0
0
0
0
0
0
1 3493
0
0
0
0
1 4752
0
0
1 5522
0
0
0
1 3923
0
0
0
0
1 3623
0
0
1 1264
0
0
0
0
0
0
0
0
0
0
0
0
0
0
0
0
1 289
0
0
0
0
0
0
0
1 5510
0
0
0
0
0
0
0
0
0
0
1 2428
1 4047
0
0
2 1901 4750
0
0
1 2760
0
2 3181 3819
1 2784
0
0
0
0
0
0
0
0
0
0
1 2946
0
0
0
1 3981
0
0
0
0
0
0
0
0
0
0
0
1 58
0
1 344
0
0
0
3 61 2245 5070
0
0
0
0
1 5151
0
0
0
1 4182
0
1 2415
0
0
0
0
0
1 1861
0
0
0
1 3927
0
1 2677
0
1 2273
0
0
0
0
0
0
0
0
0
0
0
0
0
1 353
0
1 4749
0
1 4105
0
0
0
0
0
0
1 4834
2 1227 1422
0
0
1 635
0
1 4360
0
0
1 633
0
0
0
1 4361
0
2 4823 5465
1 5443
1 53
0
0
0
0
0
0
1 1382
0
0
0
0
0
0
0
0
0
1 2104
0
0
0
0
0
0
0
0
0
1 1559
0
0
0
1 1330
0
0
1 1629
0
0
0
0
0
0
0
0
0
2 3628 3681
0
1 1952
0
1 1406
0
0
0
0
0
1 1141
1 33
0
2 1971 2683
0
1 2365
0
0
0
0
0
0
0
0
0
0
0
0
0
0
0
0
0
0
0
0
0
0
1 883
0
0
1 2556
1 3809
0
0
0
1 3831
0
0
0
0
0
1 849
0
0
0
0
0
0
0
0
0
0
0
0
0
0
0
1 482
0
0
1 2289
0
0
0
0
0
1 3637
1 2004
0
0
0
0
0
0
1 2922
0
0
1 2592
1 3577
0
0
0
0
0
0
0
0
0
0
0
0
1 2015
0
0
1 2296
0
0
0
0
0
0
0
0
0
0
0
0
0
0
0
1 3951
0
0
0
1 5054
1 2113
0
0
0
0
0
0
0
0
0
0
0
0
0
1 2986
1 4627
2 580 1890
0
0
0
0
0
2 3850 4054
0
2 94 5367
0
0
0
0
1 3727
0
1 983
0
1 1847
0
0
1 2538
0
0
0
0
0
0
0
0
1 5376
0
2 386 3677
1 4092
0
0
1 5380
1 2668
0
0
1 1006
0
0
0
0
0
0
1 638
0
0
0
2 315 4519
0
0
0
0
0
1 3058
1 1442
1 362
0
0
0
1 2679
1 1826
1 4302
0
0
0
0
0
1 2582
0
0
0
1 4493
0
0
0
1 5231
0
0
0
0
0
1 869
1 12
1 4629
0
0
0
0
0
0
0
0
0
1 1989
0
2 235 1524
0
0
0
0
0
0
0
0
0
0
0
0
1 4682
0
0
0
1 536
0
1 4547
0
3 36 3211 4857
0
0
0
0
0
0
0
0
0
0
0
1 5359
0
0
2 1009 2282
0
0
1 1743
1 1805
0
0
1 1976
0
0
0
0
0
0
2 1628 4073
0
0
1 553
1 1856
1 2446
0
0
0
1 4852
0
0
0
0
0
2 934 4751
1 2476
0
1 1287
0
0
1 3161
1 602
1 3566
0
0
1 2429
0
0
0
1 164
0
0
0
0
1 2956
0
0
0
0
0
0
0
0
0
1 5110
1 1531
0
0
0
0
0
2 855 4953
2 2166 4891
1 1838
1 651
0
1 449
0
0
0
2 60 2320
0
0
1 5458
0
0
0
2 72 5330
0
0
0
0
1 5495
0
0
0
0
0
1 4854
0
0
0
0
2 2145 3548
0
0
1 4446
0
0
0
1 4725
0
0
0
0
0
1 2466
0
0
0
0
0
0
0
0
0
0
0
0
0
0
0
0
1 1683
1 377
0
0
3 694 4943 5191
0
1 817
0
0
0
0
1 4602
0
0
1 1916
0
0
1 3034
0
0
1 750
0
0
0
2 3170 4451
1 2233
0
0
1 1436
0
1 5094
1 3399
0
1 5267
0
1 1935
0
0
0
0
0
3 1716 4638 5136
1 5371
0
0
0
0
0
0
0
0
0
0
0
0
0
0
0
0
0
0
0
1 4973
0
0
0
0
2 1530 2053
0
2 770 1092
0
0
0
3 2704 2983 4484
0
1 1927
0
0
0
0
0
0
0
0
2 989 4544
1 2293
0
0
0
0
1 1791
0
0
0
2 599 3146
0
0
0
0
1 647
0
1 931
0
1 1095
0
0
0
0
1 2755
0
0
2 3089 4108
0
0
0
0
0
0
1 380
0
0
0
0
0
0
0
0
4 1885 3061 3618 4359
0
0
0
0
0
0
0
1 1163
0
0
0
0
0
0
0
0
0
0
1 3242
0
0
0
0
0
0
1 2850
0
0
0
0
0
0
0
1 2014
0
0
0
0
0
0
0
0
0
0
1 4421
1 987
0
1 2193
0
0
1 2217
1 23
0
0
0
0
0
0
0
0
0
0
0
1 369
0
0
0
0
0
0
0
0
0
0
0
0
0
0
1 878
0
0
1 2625
0
1 4785
0
0
0
0
1 244
0
0
0
0
0
0
0
0
0
0
0
0
0
0
0
0
0
0
0
0
0
1 3255
0
0
1 5546
1 4096
0
0
1 3620
0
1 4890
0
0
0
0
0
0
0
0
0
0
1 1086
0
0
1 3113
0
0
0
0
0
0
0
1 1584
0
0
0
0
0
0
0
0
1 4743
0
1 1310
0
0
1 1317
1 4541
0
0
1 5305
0
0
0
1 5481
2 4226 4372
0
0
0
1 4927
0
0
0
1 5166
0
0
0
0
0
0
0
1 5144
1 3208
0
0
0
0
0
1 2879
0
1 4390
0
0
0
1 3019
1 250
0
0
0
0
0
0
2 3698 3863
0
0
0
0
1 1104
0
2 3726 4283
0
1 3984
0
1 2242
2 1699 3836
0
0
0
0
1 1295
0
0
0
0
0
1 3604
0
0
0
0
1 4053
0
0
0
0
0
0
0
1 2068
0
0
1 1592
0
0
0
0
0
0
1 203
0
1 4330
0
1 1511
0
0
1 5029
0
1 926
0
1 3327
0
0
2 26 1506
0
0
0
1 1294
0
0
0
1 4966
1 1358
0
0
0
0
0
2 1117 1345
1 2667
1 2487
0
0
0
1 3705
1 3622
0
0
0
0
0
0
0
0
0
0
0
0
1 3200
0
0
1 4896
0
0
1 2024
1 182
0
0
0
0
1 4132
1 2705
0
0
0
0
0
0
1 2128
0
0
0
0
1 3496
0
0
0
0
0
1 1411
0
0
1 1578
0
0
0
1 2167
0
2 859 4911
0
0
0
0
0
0
1 5122
0
0
1 537
0
0
0
1 1444
0
0
0
0
0
0
0
0
1 4921
0
1 5292
0
1 836
0
0
0
0
0
0
1 1820
0
1 5489
0
0
0
0
0
0
0
0
0
0
0
1 5090
0
0
0
0
0
0
0
0
0
0
0
0
1 480
1 4475
0
0
1 5102
2 951 4167
1 3088
2 2115 3310
0
0
1 4118
0
0
0
0
0
0
0
0
0
0
0
0
0
0
0
0
1 4621
1 3108
1 2173
0
0
0
0
0
0
0
1 4820
0
0
0
0
0
0
0
0
0
0
1 4498
0
1 2352
1 4919
0
0
0
0
1 1867
1 4279
0
0
0
0
0
1 5234
0
1 2306
0
1 2180
1 600
0
0
1 2123
0
0
0
0
0
0
0
0
0
0
2 1050 2943
0
0
0
1 1543
0
2 606 1813
0
0
0
3 1756 3389 4727
0
0
0
0
1 2257
0
0
1 2126
0
0
0
0
0
1 1704
0
0
1 1642
0
0
0
0
0
0
1 2742
0
0
1 3915
0
1 154
0
0
0
0
0
1 4508
1 402
1 2172
0
0
0
1 5257
0
0
0
0
0
2 1088 3651
0
1 3103
0
0
1 3978
0
0
0
1 1499
1 2874
0
0
0
0
1 4033
0
0
0
0
0
0
0
0
0
0
0
1 1016
0
0
1 593
0
0
0
0
0
0
1 217
0
0
0
0
0
1 2502
1 4429
0
2 2533 4974
0
0
0
0
0
0
0
0
0
0
0
0
0
0
0
0
0
1 3792
0
0
0
0
0
0
0
0
0
0
0
0
0
0
0
1 3511
1 967
0
0
0
0
1 5444
0
1 1648
0
3 2270 2346 2711
0
0
0
1 2226
0
1 3378
0
1 3304
0
0
0
0
0
0
0
0
0
1 4726
0
2 5124 5156
0
0
0
1 5149
0
1 1902
1 3471
1 3709
1 4596
0
0
0
1 4270
0
1 2111
0
1 1048
0
0
0
0
0
0
0
0
0
0
0
0
0
0
0
0
0
0
1 4801
3 692 1272 1920
1 2578
0
0
0
0
0
0
0
0
0
2 38 1517
1 5127
0
0
1 3349
0
0
1 1276
0
0
0
0
1 2313
0
2 3771 4439
0
0
0
0
0
0
0
0
1 5100
0
0
3 2251 3766 4898
0
0
0
1 3557
0
0
0
0
0
0
1 1802
0
1 2063
0
0
0
1 5344
0
0
0
0
1 1160
0
1 2156
0
1 2893
0
0
0
0
0
0
0
0
0
0
2 829 5023
1 3614
0
0
0
1 5442
0
0
0
0
0
2 685 4586
0
0
1 5239
1 4102
0
0
0
0
0
0
0
0
0
0
1 3441
1 4996
0
0
1 3160
0
0
1 4163
0
0
0
0
0
0
0
0
0
1 79
0
0
0
0
1 1337
0
0
0
0
0
0
0
0
0
0
0
0
0
0
0
0
2 370 5518
0
0
0
0
0
0
0
0
0
0
0
0
0
0
0
1 2613
1 858
0
0
0
1 2019
0
0
4 1621 3649 3690 5019
1 1569
0
0
2 2763 4179
0
0
1 5425
0
0
0
0
0
1 988
1 2106
0
1 3369
2 360 2321
0
2 1306 4545
0
0
1 3729
0
1 1626
0
0
0
0
0
0
0
0
1 19
0
0
0
0
0
0
0
0
0
0
0
0
0
0
0
0
0
0
1 1972
0
1 3847
0
0
0
0
0
0
0
0
0
0
1 1465
2 738 3231
0
0
0
0
0
0
0
0
0
0
0
0
1 1770
0
0
1 3896
0
0
0
0
0
0
1 3359
1 2062
0
1 5322
0
0
0
0
0
0
0
1 378
1 422
0
1 2360
0
0
0
1 1643
3 1022 2090 4206
0
0
0
0
0
1 5471
0
0
0
0
0
0
0
0
0
2 398 2200
0
0
0
1 2525
1 4607
1 1591
0
0
0
1 5057
0
2 479 778
1 4364
0
1 1895
1 5387
1 1640
0
0
0
0
1 1200
0
0
0
0
2 4020 5207
0
0
0
1 4863
0
0
0
0
0
0
0
0
0
0
0
1 3571
0
0
0
1 1447
0
0
0
0
1 1069
0
0
0
0
0
0
0
0
1 1893
0
0
0
1 752
0
0
0
0
0
0
0
0
0
0
0
0
0
0
0
1 4914
1 5052
1 1566
0
0
0
1 2753
0
0
1 393
0
0
0
0
0
1 3829
1 2802
2 576 4742
0
1 302
0
1 707
1 4384
2 2175 2605
1 2551
0
0
3 1334 2937 3425
1 2379
0
0
0
0
0
0
0
0
0
2 2285 3661
0
1 78
1 470
2 200 3365
0
1 1107
1 488
1 4106
1 3928
0
1 3995
0
1 712
3 1991 2283 3665
1 4318
0
2 2188 2821
0
0
1 4589
0
1 4690
1 4255
0
0
0
1 5025
2 2214 5496
0
0
1 2025
1 4582
1 2849
0
0
0
0
2 3230 3893
0
2 871 1574
0
1 862
0
0
1 3464
0
1 1313
0
2 4111 4961
0
1 1025
0
2 1658 1891
0
0
2 1203 3868
3 2057 2324 3388
0
4 1476 2144 4169 4822
0
0
0
1 2092
2 771 2867
0
1 654
2 342 1257
3 1100 1547 4900
2 1017 4651
1 463
0
0
0
2 447 1503
1 473
1 5011
0
0
0
0
0
0
0
0
1 1739
0
0
0
0
1 4716
0
0
0
0
1 3874
1 1402
0
0
2 2443 3249
1 5118
1 2345
0
0
0
0
1 2086
0
0
0
0
1 1821
0
1 4571
1 2681
0
1 1676
1 1124
1 1213
1 4248
1 2709
1 4758
1 1551
1 3584
0
0
0
1 1464
1 4509
0
1 152
1 3419
0
0
2 3510 3860
1 3680
0
0
0
0
0
0
0
0
0
0
0
0
0
0
0
0
1 4150
0
1 1495
1 1090
0
1 2218
0
0
0
1 359
0
0
0
0
0
1 130
2 2426 4708
0
0
0
0
0
0
0
0
0
0
0
1 719
0
0
0
0
1 2107
1 4902
0
0
2 1923 2860
0
0
0
0
1 5390
0
1 1735
0
0
0
1 2774
0
0
0
0
1 3946
1 3632
0
0
0
2 2387 4274
1 533
0
0
1 2271
0
0
0
1 1376
0
0
1 4420
0
1 5385
0
0
0
0
0
0
0
0
0
1 3055
2 35 2835
0
0
1 2970
0
0
0
0
0
0
0
0
0
0
0
0
0
0
0
0
1 395
0
1 4258
0
1 4641
2 389 1204
0
0
0
0
0
0
0
0
0
0
1 3120
0
0
0
0
0
0
0
1 4393
0
0
0
0
0
0
0
0
1 257
0
1 5172
2 103 5080
0
0
0
1 4663
0
1 5357
0
0
0
0
0
0
0
0
0
0
1 3222
0
1 4134
0
0
1 4448
0
0
0
0
0
0
1 2343
1 2441
0
0
0
1 2402
0
3 1366 3739 4926
0
0
0
0
1 3674
0
1 1269
1 3037
0
0
1 3617
0
0
1 4611
1 3721
0
0
0
0
0
0
0
1 879
2 321 4275
0
0
0
0
0
0
1 4207
0
0
0
0
0
0
0
2 1387 2921
0
0
0
2 16 336
0
0
1 3010
0
0
0
1 2277
0
0
0
0
3 327 583 864
2 2918 5116
0
0
0
0
0
1 3461
2 3358 5254
0
1 3006
0
0
0
0
0
0
0
0
0
0
0
0
0
0
0
0
0
0
0
0
0
0
1 279
0
0
0
0
0
0
1 1030
0
1 2738
0
0
0
0
0
0
0
0
0
0
1 3003
0
0
0
0
2 815 1220
0
1 2786
0
0
0
1 2112
0
0
0
0
0
0
0
0
1 1840
0
0
0
0
0
0
0
0
2 3702 5164
0
0
1 2920
0
0
0
0
0
0
0
0
0
1 2555
1 1670
0
2 1841 5021
0
1 1451
0
0
0
0
0
0
0
0
1 3173
0
0
0
0
0
0
0
0
0
0
0
0
0
0
0
0
1 3634
0
0
2 2604 4984
0
1 5108
0
0
0
1 1044
0
0
0
0
0
1 3258
2 3057 3936
3 1003 3178 3290
0
0
1 3595
0
2 4127 4520
0
1 1070
0
0
0
0
0
0
0
0
0
0
0
0
0
1 3248
0
1 1349
0
1 1057
0
0
0
0
0
2 3598 3667
0
0
2 3740 5294
0
0
1 487
0
0
1 2493
0
1 1373
1 947
0
0
0
0
0
2 296 2671
0
0
0
0
0
0
0
0
0
0
0
0
0
0
0
2 2016 4391
0
0
0
0
0
0
0
0
1 2900
1 3621
0
0
2 1754 4706
1 1595
0
0
0
0
0
0
1 3392
0
1 3473
0
0
0
0
1 4872
1 4297
0
0
0
0
0
0
0
0
1 219
0
0
0
0
0
0
1 4897
1 2590
1 5514
1 4406
0
0
0
0
0
0
0
0
0
0
0
0
1 927
0
0
1 1171
0
0
0
1 2007
0
1 4144
0
0
1 275
0
0
0
1 1372
0
0
0
0
0
0
0
0
1 2179
0
1 2124
0
0
1 2396
0
0
0
0
0
0
0
0
0
1 2203
0
0
0
1 3067
0
0
0
0
0
1 4731
0
1 2549
1 4689
0
0
0
1 3908
0
0
0
0
1 3733
1 2122
0
2 253 1912
0
0
0
0
0
0
0
0
1 1076
0
0
0
0
0
0
0
0
0
0
0
0
0
1 1290
1 1996
1 4428
0
0
1 1208
0
0
0
0
0
0
0
0
0
0
0
0
0
0
1 3605
0
0
0
0
0
0
0
0
0
0
0
0
0
0
1 2327
0
0
0
0
0
0
0
0
0
3 412 1537 3237
0
0
0
0
1 3383
1 851
0
0
0
1 4265
0
0
0
0
0
0
0
0
1 421
0
2 1037 1597
0
0
0
0
0
0
0
0
0
0
0
0
0
0
0
0
0
3 155 239 2486
1 4546
0
0
0
0
0
0
0
0
0
0
0
0
0
0
1 260
0
0
0
0
0
0
2 2171 4975
0
0
2 981 1361
2 649 2686
0
0
1 3213
0
0
0
0
1 3446
0
0
0
0
0
0
0
0
1 2312
0
0
1 1321
2 969 5205
0
0
0
0
0
0
0
0
0
0
0
0
0
0
0
0
0
0
0
0
2 3754 3818
2 2699 4719
0
0
1 2235
0
0
0
0
0
0
0
1 3039
1 4229
0
0
0
0
0
0
0
0
0
0
1 2965
0
0
0
0
1 245
1 4115
0
1 3973
0
0
0
1 4737
0
0
0
0
0
0
0
0
0
1 3320
0
0
0
1 3416
0
0
0
1 5174
0
0
0
0
0
1 3532
0
0
8 1469 1627 2928 3354 3434 3563 4951 5153
1 5486
1 2142
1 3005
0
0
1 1965
0
0
0
1 4593
1 2208
0
0
0
0
1 572
0
0
1 1855
0
0
0
0
0
0
0
0
1 2535
0
1 2440
1 540
0
0
0
0
0
0
0
1 201
0
0
1 1364
0
0
1 1243
0
0
1 3852
0
1 4223
0
0
0
0
0
0
1 4137
1 3962
0
0
0
0
1 4681
0
2 698 3724
1 5138
1 2720
0
0
0
0
0
0
2 941 3398
0
0
0
0
0
1 3347
0
1 1609
0
0
0
0
0
0
0
0
0
0
0
0
0
0
0
0
0
0
0
0
0
0
0
1 466
0
1 1239
1 1808
0
2 4533 5491
0
0
1 3481
0
0
0
0
0
0
0
0
0
0
0
0
0
0
0
3 2520 3985 4087
1 4867
0
0
0
2 51 4042
0
0
1 4988
0
0
0
0
1 4881
0
0
1 5456
0
0
0
0
1 2967
0
0
0
1 2093
0
0
0
0
0
0
1 4628
2 2914 3502
0
1 429
2 453 586
1 5101
0
0
0
0
0
0
0
3 535 2432 4677
0
0
0
0
0
0
0
1 1832
0
0
0
0
0
0
0
0
1 1876
0
0
0
0
0
0
0
0
1 150
0
0
0
0
1 273
0
0
0
0
0
1 3684
0
0
0
0
0
0
0
0
0
0
0
1 1096
0
0
0
0
0
0
0
1 1728
0
0
2 1161 3147
0
0
0
0
0
0
0
1 2938
0
0
0
0
0
0
0
0
1 3693
1 1061
0
0
1 1001
0
0
0
0
0
0
1 853
0
0
1 3348
0
0
0
2 3750 5010
0
0
0
0
0
0
1 5272
0
0
0
0
0
0
0
0
0
0
0
0
0
0
0
0
0
0
0
0
0
0
0
0
0
0
0
0
1 3582
1 3958
1 955
0
0
0
0
0
0
0
0
0
0
0
0
0
0
1 2801
0
0
0
0
2 2393 4655
1 4007
0
0
0
0
0
0
0
0
0
0
0
0
0
1 3526
0
0
0
1 3807
1 2444
0
0
1 3194
0
0
0
0
0
1 2286
0
0
0
0
1 2714
0
0
0
0
0
0
0
0
0
0
0
0
1 462
1 225
0
1 5333
1 1128
0
1 4088
0
1 3278
0
0
0
1 2706
0
0
0
0
0
0
0
0
0
0
0
0
0
0
0
0
1 3186
0
0
0
0
0
0
0
0
0
0
1 1684
0
0
0
1 0
0
0
1 265
0
0
0
0
0
1 2723
0
0
0
0
0
2 3495 4408
0
0
0
0
0
0
0
0
0
0
0
1 5523
0
1 4436
0
0
1 2635
0
1 3903
0
0
1 5530
1 132
0
0
0
0
0
0
1 4606
1 2741
1 3032
0
0
0
1 704
1 4692
0
0
1 890
2 69 984
0
0
0
0
1 818
1 4381
0
0
0
0
0
0
0
0
1 5214
0
0
0
0
1 2687
0
0
0
0
0
0
0
0
0
0
0
0
0
1 1214
0
0
0
0
1 4885
0
3 2356 2485 5068
1 1329
0
0
1 2151
0
0
0
1 1562
0
0
0
1 5283
0
1 3427
2 2586 4164
0
0
0
0
0
2 1870 4188
1 567
0
0
0
0
0
0
1 4085
0
1 837
0
0
1 248
1 1505
0
0
0
0
0
0
1 4432
0
0
0
0
0
0
0
0
0
1 5200
0
0
0
0
0
0
0
1 3395
1 1135
0
0
0
0
0
0
0
0
0
0
0
0
1 5366
0
1 3102
0
0
0
0
1 1588
0
0
0
0
0
0
0
0
0
0
1 3109
1 1144
0
0
0
1 4538
0
0
1 828
0
0
0
1 3075
0
0
1 2505
0
0
0
0
2 652 980
1 3051
1 1010
0
0
0
0
1 5060
1 1919
0
0
0
0
0
0
0
0
1 1589
3 1649 3031 3524
0
0
0
1 1922
0
1 1038
0
0
0
0
0
0
0
1 5113
0
0
0
1 5490
0
0
0
0
0
0
0
0
0
0
0
0
0
0
0
0
1 500
1 1336
0
0
0
0
1 5150
1 4769
0
2 555 835
0
0
0
0
0
0
0
0
0
0
0
1 3717
0
1 2700
0
1 272
0
0
0
1 1553
0
0
1 2992
0
0
1 4466
2 1410 3329
1 2971
0
0
1 2034
0
0
0
0
0
0
0
0
0
0
0
0
0
0
0
0
0
0
0
0
0
1 1173
0
0
0
2 1434 4002
1 3757
0
0
1 2654
0
0
0
0
0
0
0
0
0
0
0
0
0
0
0
0
0
0
1 3284
0
1 3128
0
0
1 3386
0
0
0
0
0
0
1 2095
0
0
0
0
0
0
0
1 3266
1 3074
0
0
0
0
0
0
0
0
0
1 5310
0
0
0
1 5262
0
0
0
0
0
0
0
0
0
0
0
0
0
0
0
0
0
0
2 3143 4376
0
0
0
0
0
0
0
0
0
0
0
0
0
0
0
0
0
0
0
0
0
0
0
0
0
0
0
0
0
2 2848 3590
0
0
0
0
0
0
0
0
0
0
0
0
0
1 1383
0
0
0
0
0
0
1 5036
0
0
0
0
1 122
1 2467
0
0
0
0
0
0
1 5308
0
0
0
0
0
0
0
0
0
0
0
1 618
0
1 3023
0
0
0
1 5256
1 2394
1 617
0
0
0
0
0
2 1691 4780
0
0
1 3555
0
0
0
0
0
0
0
2 3025 3153
1 1292
1 3744
1 4659
0
0
0
0
0
0
1 3243
0
0
0
1 2599
0
0
0
0
0
0
0
0
0
0
0
0
0
0
1 2350
0
0
0
0
1 3420
0
0
1 4294
1 3559
0
0
0
0
0
0
1 113
0
0
0
1 2727
0
0
0
0
1 4215
0
0
0
0
0
1 1760
0
0
0
0
0
0
0
1 24
0
0
0
0
0
0
1 2481
0
1 3168
0
0
0
1 2163
0
0
0
0
0
0
0
0
0
0
0
0
0
1 411
0
0
0
0
1 215
0
1 2531
0
0
0
1 2623
0
0
1 4395
0
0
1 3737
0
0
0
1 3338
0
0
1 954
1 3714
0
0
0
0
1 5405
1 749
0
0
0
0
0
0
0
0
1 2518
0
0
0
0
0
1 4367
1 744
0
0
1 877
1 4394
0
0
0
0
0
0
0
0
0
0
0
0
0
1 1680
0
0
0
0
0
0
1 128
1 5548
0
0
0
1 1878
0
0
0
0
1 1719
0
0
0
1 3679
0
0
0
0
2 631 4563
0
0
0
1 753
0
1 2759
0
0
0
0
0
0
1 2904
1 4075
0
0
0
0
0
0
0
0
0
0
0
1 2390
0
0
0
1 5339
1 4062
0
0
0
0
0
0
0
0
0
0
0
0
0
1 1620
0
0
0
0
0
0
0
0
1 1692
0
0
0
0
0
0
1 3515
0
1 4915
0
1 5407
0
0
0
4 2646 2719 3470 4982
1 4231
0
1 5318
0
0
0
0
0
0
0
0
0
0
2 889 4715
0
0
0
0
0
0
0
0
0
0
0
0
1 2013
1 805
0
0
2 2236 3862
0
0
0
0
0
0
0
0
0
0
0
0
0
0
0
0
0
0
1 140
0
2 4101 5288
1 3572
0
0
1 3038
0
0
0
0
0
1 3542
1 1033
0
0
1 4198
0
1 4792
2 3343 5473
0
2 2559 2651
0
1 3676
1 4396
0
1 5199
0
2 3741 4329
1 1134
0
0
3 952 1240 5504
0
1 206
1 2838
0
0
1 2648
0
0
0
0
0
0
1 237
2 145 1701
0
0
0
0
0
0
0
0
1 416
0
0
0
0
0
1 973
0
0
0
1 3401
0
0
0
0
0
0
0
0
1 166
0
0
0
0
0
0
0
1 2998
0
0
0
0
0
0
0
0
1 1738
0
1 5134
0
0
0
1 2474
1 129
1 895
0
0
0
0
0
0
0
0
0
0
0
0
0
0
0
0
0
0
0
0
0
0
0
0
0
0
0
0
0
0
0
0
0
0
0
0
0
0
0
1 5300
0
0
0
0
0
0
0
0
0
0
0
0
0
0
0
0
2 3035 4095
0
2 334 1542
0
0
0
0
0
0
0
0
0
0
0
0
0
0
0
0
0
0
0
0
0
0
0
0
0
0
0
0
1 757
0
0
0
0
0
0
1 2906
0
0
1 195
0
0
1 2484
0
0
0
1 278
0
0
0
14 74 266 328 807 1083 1790 2776 3334 3484 4271 4308 4317 4537 5163
0
0
0
0
1 1836
1 2367
1 4143
0
0
0
0
2 57 1139
0
1 3816
0
0
0
0
0
0
0
0
0
0
0
0
0
0
0
1 2961
0
0
3 822 3798 5078
0
0
0
0
0
0
0
1 4035
0
0
2 5189 5250
0
0
0
0
0
0
0
0
3 1 15 4342
0
1 1112
0
0
0
0
0
0
0
0
0
0
0
0
0
0
0
0
1 3799
1 642
0
0
0
0
2 4333 5323
0
0
0
0
0
0
0
1 4579
0
2 3070 4739
0
0
0
0
1 4122
0
1 1953
0
0
0
0
0
0
0
2 2609 4660
0
0
0
0
0
0
0
1 5401
0
2 1859 3867
1 5096
0
2 731 2499
0
0
0
1 3292
1 5004
0
0
0
1 1225
1 2945
0
0
1 2995
0
0
0
0
0
0
0
0
0
1 484
0
1 1687
0
0
0
0
0
0
0
0
0
0
0
0
0
0
1 2634
2 3357 5331
2 1580 4204
0
0
0
0
0
1 5499
0
0
0
0
1 4507
0
0
1 3780
1 1978
3 781 2799 4175
0
0
0
0
0
0
2 2344 4236
0
0
0
0
1 1212
0
0
1 3806
0
0
0
0
0
0
0
1 3195
0
0
0
0
0
0
0
1 4565
0
0
0
1 1169
1 1493
0
0
0
1 3881
0
0
0
1 766
0
0
0
0
0
0
0
0
0
0
0
0
1 1598
0
2 1933 3994
0
0
0
0
0
0
0
0
1 381
1 1693
0
0
0
0
0
1 4837
0
1 4658
0
0
0
0
1 4001
0
0
0
0
0
0
0
0
0
0
0
0
0
0
0
0
3 1441 3126 3810
0
0
0
0
0
0
1 831
0
0
0
0
1 1715
0
0
0
0
0
0
2 4091 5195
0
0
0
2 865 2877
0
0
1 4649
0
0
0
0
0
0
0
1 3179
0
0
0
0
0
1 3299
0
0
0
1 3363
0
1 1416
0
0
0
0
0
0
0
0
0
1 5447
0
0
0
0
0
0
0
1 881
0
1 1340
0
0
1 1762
0
0
0
0
0
1 3950
0
0
0
0
0
1 4203
0
0
0
0
0
0
0
0
0
0
1 5259
2 1039 1565
0
0
0
1 2051
0
0
0
0
0
2 3996 5119
0
0
0
0
0
0
0
0
0
0
0
0
0
1 5212
0
0
0
0
0
0
0
0
0
0
0
0
1 3303
0
0
0
0
0
0
0
1 3886
0
1 5479
0
0
0
0
0
0
0
0
1 3163
0
0
0
0
0
0
1 610
3 295 1611 4131
0
0
1 4148
0
0
0
0
0
0
0
0
0
0
1 2841
0
0
2 4903 5037
0
0
0
0
0
1 4334
0
0
1 3581
0
0
0
0
0
1 2532
0
0
1 1806
1 4156
0
0
0
0
0
0
0
0
2 2580 4853
0
0
0
0
0
0
1 3063
1 161
0
0
0
1 5445
0
0
0
0
1 1035
0
0
0
0
0
0
0
0
1 2094
0
0
0
0
0
0
0
0
0
1 4503
0
0
0
0
0
0
1 1614
1 2259
0
0
0
0
1 1494
0
0
0
0
0
0
1 4887
0
0
0
0
0
0
0
0
0
0
0
0
0
0
1 4722
0
0
0
0
0
0
0
0
0
0
0
0
0
1 5279
0
1 5158
0
0
0
0
0
0
1 1967
0
0
0
0
0
0
0
0
0
0
0
0
0
0
0
1 2554
0
0
0
0
0
0
1 2621
0
1 945
0
0
0
0
0
0
0
0
0
0
0
0
0
0
0
0
0
0
0
0
0
0
0
0
0
1 1338
0
0
0
1 2749
0
0
0
0
0
1 3477
0
0
0
0
0
0
0
0
0
0
1 2721
1 1667
0
0
0
0
0
0
0
0
0
0
0
0
0
0
1 4453
0
0
0
2 246 2682
0
0
1 126
1 5051
1 552
1 2881
0
0
0
1 727
0
0
1 4346
0
0
0
0
0
0
0
1 4844
0
0
0
0
0
1 2238
0
0
0
0
1 5297
0
0
0
0
1 1452
0
0
0
0
0
1 5266
0
0
0
0
1 2972
1 4409
0
0
0
0
1 2340
0
0
0
0
0
0
0
1 4512
0
0
1 911
0
0
0
0
1 106
0
0
1 2732
0
0
0
0
0
0
0
0
0
0
0
0
0
0
0
1 1617
0
0
0
0
0
0
1 1689
1 5249
1 5549
1 4618
2 4078 4803
0
0
0
0
0
0
0
0
0
0
0
0
0
0
0
0
0
0
0
1 1360
0
1 2319
0
0
0
0
0
0
1 2491
0
0
0
0
0
0
0
0
0
0
0
0
0
0
0
0
0
0
0
1 4417
0
0
0
0
1 1963
2 1419 3093
0
0
0
0
0
0
0
2 681 2730
0
1 5343
0
0
2 1385 5220
0
0
0
1 4594
1 403
0
0
0
1 990
1 4830
1 3858
0
0
0
0
0
0
0
0
0
0
0
0
0
0
0
0
0
0
0
0
0
0
0
1 2645
0
1 816
1 1817
0
0
0
0
0
0
0
0
1 4121
0
0
0
1 1344
0
0
0
0
0
0
0
1 1391
0
0
1 2924
0
0
0
0
0
0
0
0
0
0
0
0
0
1 1027
0
0
1 2077
1 2891
0
1 3187
0
1 1509
1 5228
0
0
0
0
0
0
0
0
0
1 3175
0
0
0
0
0
0
0
1 3020
0
0
