0
1 194
2 663 4861
0
0
0
0
0
0
1 5224
1 4913
0
0
0
5 830 1832 2846 3151 3883
1 2923
2 4313 5509
7 1157 1187 2219 2439 4081 4373 4972
0
0
1 20
0
2 2991 3948
2 959 5487
0
0
0
2 2722 3909
10 1049 1258 1438 2803 4044 4661 4854 5293 5474 5535
1 595
0
0
0
0
0
1 3136
0
1 1331
0
0
0
0
0
1 245
2 3402 4079
0
1 904
3 328 2063 4254
0
0
0
0
1 3134
1 1705
0
1 221
1 2110
1 4316
0
0
0
0
0
0
0
0
0
0
1 5436
0
1 3664
1 835
0
0
0
0
1 129
2 388 865
0
1 4910
0
0
1 3879
0
0
0
0
1 4868
0
0
0
0
0
0
0
0
0
1 4643
0
1 1019
1 4307
0
1 3054
0
0
0
1 5047
1 556
0
1 4856
0
0
0
0
0
0
0
0
0
1 2539
4 350 1533 2199 2698
0
0
0
0
2 496 3097
1 2502
0
1 5236
0
0
0
2 1812 2850
0
0
5 248 2310 2627 3439 3660
1 1081
0
0
2 112 2241
0
0
0
0
1 1370
0
0
1 293
0
0
3 94 413 2754
0
0
0
1 3922
0
0
0
1 2665
0
0
0
0
0
1 5235
0
0
0
0
0
0
0
1 4756
0
0
0
1 2777
0
0
0
1 3930
0
0
0
0
0
0
0
0
0
0
0
0
0
0
1 2778
0
0
0
0
1 1180
1 3119
0
0
0
1 4041
0
0
0
0
0
0
0
0
0
0
0
0
0
0
3 16 3591 4694
1 1420
0
0
0
1 2960
3 410 1267 2507
0
0
0
2 587 2169
2 2358 3718
0
0
0
0
0
0
0
3 2088 2695 4950
0
0
0
1 4929
0
0
0
2 61 4233
0
0
5 121 479 817 1132 2325
0
0
0
0
1 3755
0
0
0
1 2621
0
0
1 144
0
1 3648
0
0
1 3118
2 655 4090
0
1 5365
0
0
0
0
0
2 155 324
1 5319
0
0
1 3990
4 2814 3747 4066 4908
0
2 476 2579
0
0
1 1662
1 903
1 1510
0
0
1 999
1 1742
0
1 3516
1 4332
1 1245
1 5529
0
0
0
0
0
1 5140
0
0
1 3952
1 2114
0
0
0
0
0
0
0
0
1 3127
0
0
2 2684 4613
1 3452
0
0
0
0
0
1 2250
0
1 1608
0
0
0
0
1 380
0
3 277 2376 4265
0
0
0
0
0
0
1 1330
0
0
0
0
0
0
0
0
0
0
0
0
1 3574
0
0
0
1 244
0
0
0
0
0
0
1 3835
0
1 2411
4 739 1563 1795 2660
0
1 4732
0
0
1 14
0
1 1040
0
1 1678
0
2 98 1354
0
1 1266
2 2911 3014
0
1 1303
0
1 1911
0
0
1 348
1 4779
0
0
0
1 443
1 1037
2 1720 3247
1 4843
0
4 1114 1897 2112 2213
1 5154
1 4099
0
1 3788
0
0
2 321 2501
1 4535
1 4817
1 1478
0
0
0
0
1 3084
0
1 4640
1 1716
0
0
1 4209
1 5135
0
0
1 4920
1 4463
0
1 5145
0
2 375 3432
1 3518
0
0
0
1 2649
1 2792
1 3221
0
0
0
1 2552
1 852
2 1284 1342
2 153 2127
2 997 4819
2 2959 3140
0
1 2046
0
2 5092 5418
1 5411
1 3434
3 1480 1734 3289
0
1 839
0
0
0
0
0
1 2635
0
1 554
0
0
1 2636
0
1 2748
1 3581
0
0
0
0
2 65 2667
0
1 3000
9 97 1318 1487 1495 2260 2424 2725 2794 5005
2 3174 4186
1 2155
0
0
0
3 514 895 3183
0
5 1612 2601 2729 2857 4022
1 2068
1 607
0
0
2 109 1596
0
0
0
0
0
0
0
0
1 497
1 4224
2 2599 3476
0
2 2195 3729
3 2513 3305 4879
1 3528
0
0
0
0
0
0
1 234
0
0
0
0
0
0
0
3 233 299 1541
2 197 1315
0
1 3332
0
1 1363
0
0
0
0
0
0
0
0
1 2372
1 3485
0
0
0
0
1 3245
0
1 2816
0
1 171
0
2 2713 3743
0
1 2868
0
0
2 700 745
0
0
0
0
0
2 2480 4454
0
0
0
0
0
2 2042 3511
2 355 3380
0
0
0
2 1428 1904
0
1 5523
0
1 2781
0
0
0
0
0
0
0
1 4082
2 308 5182
2 809 4834
0
0
0
0
0
0
0
0
0
0
0
0
0
1 82
0
0
0
0
0
1 1404
0
0
0
0
0
0
1 267
1 4923
0
2 435 5518
0
0
3 1034 2328 5094
0
0
1 1729
0
0
0
0
0
0
0
1 726
0
1 4825
0
0
1 3658
0
0
1 1752
0
0
0
1 4256
0
0
1 550
1 2255
0
1 1060
0
0
2 1644 2860
1 2932
0
0
0
0
0
0
2 917 2827
0
0
0
1 86
1 4609
0
0
1 1665
1 2493
0
4 703 868 1043 1797
0
1 3826
1 2645
0
0
0
0
0
0
0
1 804
1 1696
1 5386
1 88
0
0
0
2 973 4046
1 2572
0
1 3503
0
0
0
0
1 3602
0
0
0
1 2841
0
0
0
0
1 510
0
3 3045 3876 4145
1 3313
1 4424
1 5201
0
0
1 1805
0
1 3760
1 2047
0
0
2 1462 4771
1 2524
0
0
0
0
1 1554
0
0
1 1198
0
0
1 4937
0
0
0
0
1 2029
0
0
1 4859
0
0
1 947
1 4789
1 1063
0
0
0
0
2 1353 2772
2 661 800
0
0
0
0
0
3 3139 3864 5432
0
0
4 1935 2263 5195 5252
1 3882
0
2 3532 4982
0
0
2 4 3732
1 1153
2 3708 5358
0
1 2521
0
8 165 455 1376 1726 1992 2462 2986 4735
0
0
0
0
0
1 3785
2 4289 5475
3 1531 3529 5412
1 1515
2 536 5017
1 406
1 3129
0
1 2567
0
0
0
1 190
0
0
0
0
1 105
1 4795
0
0
0
1 4287
0
1 4291
0
0
0
0
0
0
0
0
1 585
1 4144
1 3422
1 4433
0
0
0
3 4672 4918 5360
2 1637 5274
0
1 2663
1 4755
0
0
0
1 3926
0
0
0
0
0
0
1 1538
0
0
0
1 4457
0
1 1849
0
0
1 423
1 1564
0
0
0
0
1 5402
1 5384
6 1182 1595 1944 2845 3195 3712
0
1 356
0
1 4574
0
0
1 547
0
0
0
0
1 2563
0
0
1 139
3 558 4837 5031
0
0
1 1299
1 1252
0
0
0
1 4363
0
1 4876
0
0
1 3124
0
2 2060 2690
0
1 1450
1 3448
2 347 4107
2 3891 5450
1 2589
0
0
1 4038
0
1 801
3 134 2200 4525
1 534
0
1 5176
1 942
1 1241
0
0
1 3142
1 2851
0
0
0
1 3980
0
1 1424
0
1 4986
2 4635 4947
0
0
0
0
0
2 4835 5306
1 1872
1 1222
0
0
4 706 1207 2847 4563
1 3573
0
0
3 1211 1249 3282
1 1200
1 4304
0
1 3894
2 160 2800
1 1889
0
3 1532 4824 5244
0
0
0
2 1737 5186
0
1 4407
0
1 63
0
0
0
0
0
0
0
0
0
0
1 3154
0
1 397
0
0
0
1 3469
0
2 2511 3052
0
0
1 4720
0
1 4330
0
1 1127
0
0
0
1 2537
0
1 824
0
0
0
0
0
0
0
2 596 1005
0
0
0
0
0
1 2066
0
0
1 3456
1 2315
3 438 1261 1882
3 1983 3567 4721
0
0
2 2633 3494
0
1 2640
0
0
0
0
1 4405
0
0
2 2010 4647
1 4410
0
0
0
0
1 4358
1 803
0
0
0
1 1618
0
0
1 2530
1 573
0
0
1 2466
1 1799
1 854
1 212
0
1 4734
0
0
1 2170
0
2 3711 4614
0
1 2862
0
0
2 4573 5133
0
0
3 191 1765 2616
1 3772
0
2 489 5013
1 1058
1 114
0
1 3335
0
0
0
1 923
0
2 3678 3762
1 4838
2 1883 3185
0
0
0
0
0
0
1 4301
0
0
0
1 668
0
0
0
0
1 3854
0
0
0
1 675
1 5390
0
0
0
0
0
0
0
0
0
0
0
0
1 717
0
0
7 575 690 760 1785 1879 2409 4485
1 2059
0
0
0
0
0
0
3 656 1289 2822
0
1 4151
0
0
0
0
0
0
0
0
0
2 647 3413
0
0
2 1406 1824
1 2141
1 1741
1 3784
2 1131 2064
0
0
1 3175
0
4 1392 2276 2989 5375
1 300
0
0
2 1747 2413
1 214
0
0
0
1 3965
0
1 5315
1 4340
0
2 1172 3841
1 4995
0
0
0
2 366 4997
2 2430 3403
0
0
1 3856
0
0
0
1 5439
0
0
3 2226 2465 5491
0
1 4671
0
1 4303
0
0
3 884 2702 4438
0
1 2927
0
0
0
0
1 467
0
1 5170
0
0
2 811 1864
0
0
0
1 1979
1 1007
1 461
2 1055 5204
0
2 2343 2944
7 788 1106 1846 2979 3310 3585 5229
0
0
1 3442
0
0
1 2855
2 2157 3535
2 644 2436
1 1156
0
5 880 2438 3436 4271 5354
1 1435
1 2105
0
1 414
0
0
3 2719 3326 3702
5 812 2076 3525 3609 3907
0
0
3 2880 3004 4733
0
0
1 176
1 1388
0
3 546 3188 4662
0
0
0
2 780 3519
0
0
1 2619
0
0
3 1479 2545 3354
1 4003
1 1829
0
0
0
0
0
0
0
0
0
0
0
2 3234 4623
1 3521
0
0
3 1283 3012 4343
0
0
1 3589
0
0
0
0
1 4423
3 1339 1562 3350
0
0
1 2937
0
1 5421
0
0
0
2 2685 3701
2 1784 5285
0
0
1 1013
1 5438
1 2643
0
1 95
3 1341 3979 4309
0
0
0
0
0
2 3294 4629
0
3 3429 3631 5505
0
0
0
0
3 390 506 1122
0
0
0
0
0
0
0
1 3340
0
0
0
0
0
0
0
0
1 2140
0
0
0
0
0
0
1 4122
0
4 2300 4234 4519 4653
0
0
0
0
0
1 4636
1 4666
0
0
1 5321
0
1 1265
0
0
0
1 4709
1 1987
2 3273 4101
1 4526
1 3645
0
0
0
0
1 4935
0
0
1 4543
0
1 2807
0
0
0
0
0
0
0
0
1 1839
0
2 4016 5143
0
0
0
1 5258
0
0
0
0
0
1 2192
0
1 1116
1 3046
1 4482
1 2039
1 4443
0
0
0
0
1 4319
0
0
0
1 1405
3 867 3814 5063
1 3017
1 2056
0
0
0
0
0
0
1 4173
2 3443 4901
2 1831 3192
0
0
1 4705
0
0
0
0
0
0
1 2048
1 1630
0
0
4 1414 2299 5070 5389
0
0
1 3043
0
1 2100
1 5132
0
1 643
0
1 4100
0
0
2 131 1669
0
0
2 741 4587
0
0
0
1 283
0
0
0
1 3276
0
0
1 866
0
0
0
0
0
0
0
3 240 450 5359
0
0
0
0
0
0
0
0
2 742 4120
2 2419 3353
0
1 420
1 3688
1 1833
0
0
0
0
0
1 4447
0
2 2691 3297
0
3 2885 4074 4626
1 5444
3 879 2978 5405
0
0
1 1512
1 3808
3 99 891 928
0
0
0
0
0
1 591
2 354 2000
3 845 4141 5067
0
1 4220
0
1 3062
0
3 855 3552 3554
1 4481
1 3116
0
2 683 4516
0
0
2 181 1663
2 902 5478
0
4 1880 1888 2103 5313
0
0
0
0
0
1 469
0
1 813
0
1 1364
0
0
1 3430
0
0
0
0
1 3375
0
0
1 1711
1 2052
0
0
0
0
0
0
0
0
0
0
0
0
1 2939
2 2612 3578
0
0
0
0
1 1677
0
0
0
0
1 1177
0
0
0
0
0
0
3 1621 3360 4223
2 1828 5544
0
0
1 2220
1 2815
0
0
0
0
1 1745
0
0
1 4884
0
0
0
0
1 1128
0
1 2647
0
0
1 225
1 1724
0
0
4 1492 2074 2133 4941
0
0
0
0
0
0
0
0
0
0
0
1 5193
0
0
1 1522
1 5148
1 2370
0
0
0
0
0
1 4557
0
2 228 3412
1 5125
0
0
0
0
1 3130
0
1 4315
0
0
0
0
0
1 577
2 570 967
0
0
0
1 5422
0
0
0
3 748 1647 3989
0
0
1 4243
0
0
1 3349
0
0
0
0
0
0
2 1950 2677
2 486 1646
0
2 1566 2259
0
0
1 5473
0
0
0
1 1052
0
0
0
0
0
0
0
0
1 1757
0
0
1 127
0
0
0
1 1237
0
0
1 242
0
2 1431 1657
0
0
0
0
0
0
0
7 1473 2070 3141 3244 3317 5378 5426
1 2163
0
0
1 5137
1 2797
0
1 3184
3 814 1826 2335
0
0
0
2 3767 4185
0
1 5298
0
0
0
1 158
1 1448
0
0
0
1 3298
1 1078
5 1046 1288 1793 4796 5155
0
0
1 5109
0
0
0
1 1064
0
0
2 993 5396
0
0
0
0
0
1 1949
0
1 1199
2 5 136
0
1 4741
1 444
0
0
1 1569
4 624 1045 1581 4293
0
0
1 798
1 2744
2 756 3157
0
0
0
0
0
1 1317
0
0
0
0
0
0
0
0
0
0
0
1 3935
0
1 962
0
0
1 1264
1 2002
0
0
0
0
2 1898 2116
1 1377
1 3212
0
3 943 1466 5206
1 5211
1 5413
0
1 400
0
0
0
0
1 3969
3 1015 1986 3498
1 3473
0
1 4569
0
0
1 3078
0
0
1 4459
2 650 2178
0
0
1 2449
1 4375
1 2671
0
0
0
0
0
1 5429
0
1 1748
0
0
0
0
0
0
0
2 2006 2837
0
1 2320
0
0
1 3823
0
0
1 2416
0
1 307
0
0
1 4600
1 4912
0
0
0
0
0
0
1 260
0
0
0
0
1 3877
0
0
0
0
0
1 87
1 3275
0
1 2618
1 2425
1 4058
1 3687
2 964 2516
0
0
1 13
0
1 1928
0
0
0
0
0
0
0
1 1941
0
0
0
0
2 169 4355
0
0
0
1 566
0
1 2608
1 4442
0
0
0
1 4540
0
0
0
0
0
0
0
0
1 1782
1 4931
0
1 1690
0
1 5076
0
0
0
0
0
0
0
0
0
0
0
0
1 2531
3 1418 3162 3613
0
0
0
0
0
2 2585 2613
1 4805
1 2887
2 2832 5088
1 2766
0
0
0
0
0
0
0
1 2561
1 1931
0
0
1 4230
0
0
0
2 2701 5216
1 4370
3 170 381 1278
2 1312 1461
0
1 4146
1 3508
0
0
1 873
3 1066 3337 5003
1 4932
1 330
2 1016 4799
0
0
1 5435
2 2603 3539
0
1 1321
3 915 1558 3367
1 3302
0
0
1 4833
0
0
5 60 1591 2231 2418 5370
2 983 5215
1 1886
1 42
0
1 5207
0
0
0
1 2221
0
1 957
0
0
0
0
0
1 3797
0
0
1 4839
0
0
1 2305
0
1 3792
0
0
0
0
3 29 3293 3405
0
0
0
0
1 4958
0
1 4499
0
1 1196
1 774
1 883
0
1 2951
0
0
1 1390
1 2148
0
0
1 1357
0
2 594 2747
1 433
0
0
0
1 2422
1 1732
1 2065
0
0
1 4027
0
0
0
0
0
0
0
0
0
0
1 776
3 1262 3454 4718
0
0
0
0
0
2 2237 2740
0
0
0
0
0
0
0
1 1769
0
0
0
0
0
0
0
0
1 3209
0
1 810
0
0
0
1 3593
0
1 2515
0
0
0
0
2 1465 3998
0
0
0
0
1 520
1 329
0
0
0
1 3389
0
0
0
0
0
0
1 4009
0
0
0
2 3306 4957
0
0
0
0
2 141 5469
0
0
0
1 3037
0
0
0
0
0
0
1 189
1 1123
1 1393
1 2483
0
0
0
0
0
0
0
0
0
0
0
1 4458
3 1125 1140 4189
1 3923
1 2829
1 4753
0
1 4510
0
0
0
0
0
1 1990
0
0
0
0
0
0
0
0
1 3991
1 4810
0
0
0
0
0
0
0
0
2 793 2859
2 548 2072
1 2129
1 3470
0
0
0
1 1818
1 5212
1 1825
0
0
0
0
1 905
0
2 1590 4466
0
2 3254 4648
1 4214
1 5452
0
1 2447
0
0
1 2694
0
3 1751 2399 4445
1 1730
2 1816 4811
1 637
1 5114
0
0
0
0
1 1718
2 4562 5073
1 3352
0
0
2 3094 3974
0
0
0
0
0
1 3770
0
0
0
0
1 3377
1 3309
0
0
0
1 4117
0
0
0
0
0
1 4650
2 1905 5253
0
2 217 781
2 2529 2584
0
0
0
2 4119 4182
0
0
1 896
0
0
1 2678
1 2587
4 241 722 2329 2689
1 916
0
0
1 485
3 2901 3149 3415
0
0
3 826 1481 3842
2 2289 4377
1 1738
2 2331 4790
1 4607
0
3 939 4752 5460
2 495 3917
0
2 2205 2403
0
1 1529
1 3073
0
0
1 768
4 696 2798 3583 5543
0
0
1 2160
0
0
0
0
0
1 4324
0
0
0
0
0
2 2084 2408
0
0
0
0
0
0
1 1460
3 544 1298 4625
0
0
0
0
1 2246
1 36
0
0
0
0
0
0
0
0
0
0
0
0
0
1 91
0
0
0
1 2311
1 5448
1 3775
0
1 1727
2 163 4253
0
0
0
1 1868
0
0
0
1 4167
0
0
0
1 4679
0
2 2321 2917
1 3426
0
0
0
0
1 3759
0
0
0
0
0
0
0
0
2 832 2055
2 1427 4688
0
0
1 4140
1 4823
1 5105
0
0
0
1 838
0
0
0
0
1 5462
2 3685 4471
1 3641
1 2940
0
0
0
1 1698
0
0
0
1 2222
0
0
3 3237 4505 4644
1 4109
2 2811 3082
0
0
1 4004
1 5409
1 1498
1 857
0
1 1192
1 965
1 1981
0
1 4300
0
1 2546
0
0
1 108
0
1 662
0
1 332
0
0
0
3 1593 1917 5495
1 2926
0
0
0
0
1 92
0
1 5371
2 1809 4851
0
1 4036
0
3 620 729 5287
2 2830 3496
1 1238
0
1 966
0
0
2 43 5355
0
0
0
0
0
1 1470
0
0
1 3286
0
0
1 517
0
1 3774
0
0
0
0
0
0
2 2269 5081
0
0
0
1 3626
0
0
0
0
0
1 5089
0
0
0
1 4031
4 1446 2638 3543 4939
1 2366
0
0
0
0
0
0
1 40
0
0
0
2 2664 3263
1 4962
0
2 231 4030
2 2459 4539
1 5526
0
0
0
0
0
0
1 5395
0
1 630
1 4788
1 1656
0
0
0
0
1 2460
2 4791 5282
0
1 318
0
0
3 412 1571 1683
2 2478 4603
1 1881
0
1 4434
2 3668 4006
0
1 4668
2 3104 3597
0
0
1 958
0
1 138
0
1 4747
0
7 562 995 2211 3057 3406 5002 5406
0
0
1 5471
0
0
0
0
0
0
0
0
1 291
1 3223
0
1 5483
1 3570
1 1960
0
0
1 4378
0
0
0
0
1 1451
0
0
0
0
0
2 2504 2542
0
0
1 1616
1 1877
0
0
0
0
1 1887
0
1 4783
1 4282
2 2355 3682
0
0
1 676
0
0
0
1 4515
1 2264
0
0
0
0
0
1 2463
0
2 422 1173
0
1 2353
3 3815 3849 5521
2 2990 4631
0
0
0
0
0
0
0
0
0
0
0
0
0
0
0
0
1 4311
0
0
1 2779
1 2336
0
0
0
0
1 3577
0
0
0
1 3167
0
0
0
0
1 2323
1 4794
0
1 1176
1 3424
0
1 5423
0
2 70 2999
0
0
0
0
0
0
0
0
0
0
0
0
0
0
0
2 1076 4842
0
0
1 2942
0
0
0
1 5374
0
0
0
0
0
0
0
1 3840
0
1 2573
0
0
0
1 2929
0
0
1 4218
1 892
1 894
0
0
0
0
0
0
0
0
1 4585
1 764
0
1 787
0
0
2 4541 4905
0
0
0
1 236
0
1 5488
0
0
1 464
0
0
0
0
0
1 1000
0
0
0
0
0
2 3145 4369
0
0
0
1 4098
0
0
1 2386
0
0
0
0
0
0
0
0
0
2 527 3307
0
0
0
0
0
2 5161 5164
0
0
0
0
0
0
0
1 5214
0
1 4310
0
1 3355
1 5084
1 3921
2 417 3875
1 3319
0
0
0
0
0
0
0
2 17 4639
0
0
0
1 2019
0
0
0
0
1 1179
1 2018
1 5468
1 3857
1 4371
2 1653 3605
2 1440 3251
0
1 1871
0
0
0
0
0
1 4831
0
0
0
0
1 3241
0
0
0
0
2 1534 2758
0
0
0
0
0
0
0
0
0
0
0
0
0
3 863 1602 4676
0
1 3472
0
2 1423 1445
0
0
0
1 5261
0
0
1 1843
0
0
0
0
0
3 157 615 3295
0
0
1 5536
0
1 688
0
1 448
0
1 79
0
0
1 5268
2 3500 4604
1 2445
0
0
0
1 3169
0
1 402
0
0
2 1408 3226
0
0
0
0
0
3 901 3217 5040
0
0
0
1 1841
0
0
0
0
0
0
1 5064
0
0
0
0
0
0
4 1095 2043 4221 4259
0
0
0
0
0
2 59 4514
1 5445
0
0
0
0
0
0
0
1 4491
0
0
1 5382
0
1 1780
0
0
0
2 2099 3086
1 4335
1 4386
0
0
0
0
0
1 950
1 3069
0
0
0
0
0
1 2258
0
0
1 274
0
1 4250
1 3064
0
0
0
0
1 451
0
0
0
0
1 3507
0
0
0
1 2750
1 5159
0
0
2 522 5162
0
2 1093 2071
1 1660
0
1 120
0
2 523 1539
1 4348
1 1328
0
0
0
0
0
0
0
1 918
0
4 73 331 499 2765
0
0
0
0
0
2 167 1270
2 3214 4497
0
2 1513 3707
0
0
0
1 762
0
1 5082
0
1 4531
0
1 1550
0
1 4787
0
0
0
0
0
0
0
0
1 578
0
1 3027
1 1679
0
1 2872
0
0
0
0
3 35 2288 4194
0
2 3176 5218
1 4774
0
0
0
0
0
0
0
0
0
0
0
0
2 3201 3458
1 872
0
0
0
0
1 1604
0
0
0
0
0
0
0
0
3 1896 2033 2332
0
0
0
0
0
2 3 1142
2 4441 5453
0
0
0
0
0
0
0
1 5356
1 1468
0
0
0
1 529
0
0
1 3997
0
2 4418 5506
0
0
3 1072 3884 5056
0
0
2 2318 3731
0
1 1397
1 3467
0
0
0
1 960
0
2 635 1209
0
0
0
0
0
0
0
0
0
0
0
0
1 4368
0
0
0
0
0
1 2950
1 861
0
0
0
0
1 2365
0
1 4938
0
0
0
1 2780
0
1 2735
0
0
0
1 1094
0
4 18 1159 2963 3610
0
0
1 5507
0
0
0
0
1 3225
1 4402
1 3805
0
0
0
1 3455
0
0
0
2 3625 5271
2 515 4619
0
0
0
1 1788
0
0
1 580
1 1504
0
0
0
0
7 1576 2644 3387 3580 3924 4160 5160
0
1 4575
0
1 31
0
1 858
0
0
0
1 5054
0
0
0
0
1 1110
0
1 3028
0
0
0
0
0
0
2 133 5301
0
1 3122
1 4486
0
0
0
0
0
0
0
0
0
0
0
0
1 2915
0
0
0
0
0
0
0
0
0
1 2903
0
3 187 3008 4347
0
1 2888
0
0
0
0
0
0
0
0
1 5110
0
1 723
1 1244
0
1 425
0
0
0
0
0
0
0
0
0
0
1 2470
3 733 1082 5130
2 511 616
0
1 3686
0
1 3111
0
0
0
3 384 1054 3280
1 3946
2 2831 5446
0
0
0
2 3366 5199
0
0
0
0
0
0
0
0
0
2 1149 1947
0
0
1 2672
0
0
0
0
0
0
0
2 727 5171
0
0
0
0
0
1 2604
1 5380
1 286
0
0
0
0
0
0
0
0
0
0
0
0
1 2136
1 3620
0
1 588
1 3283
0
0
0
0
0
1 4675
2 3719 4565
0
0
0
0
1 4723
0
0
0
1 3026
0
1 2495
0
0
0
1 4203
1 2712
0
0
0
0
0
0
0
0
0
0
0
2 1148 2412
0
1 2869
0
1 2620
0
0
0
0
0
1 4201
0
0
1 1945
0
0
0
0
0
1 3624
0
1 3400
0
0
0
0
0
0
0
0
1 1395
0
0
1 362
0
0
0
0
0
0
0
1 1273
0
1 3512
0
1 2571
0
2 1725 4987
1 4924
0
0
1 5318
0
1 827
0
1 27
0
0
0
0
0
0
0
0
1 3492
0
0
0
0
0
0
0
0
0
0
1 3859
0
0
0
0
0
0
0
0
0
0
1 1232
0
0
0
0
0
0
0
0
1 4731
0
0
0
0
0
0
0
0
0
2 259 1217
0
1 5332
0
1 1088
0
0
1 3824
1 1516
0
0
0
0
0
0
0
0
2 946 3656
0
0
0
0
0
0
0
0
0
0
1 1085
0
1 1475
1 3675
0
2 1557 1740
0
0
0
2 979 1281
1 3771
0
0
0
0
0
0
1 4137
0
0
0
0
0
1 4359
0
0
0
1 3382
0
1 1356
2 1214 2080
0
0
0
0
0
0
0
0
1 45
1 1523
0
0
0
0
1 3248
0
0
2 454 4345
1 1348
0
0
0
0
0
0
0
0
0
0
0
0
0
0
0
0
1 2362
0
0
0
0
0
0
1 4724
0
0
1 2783
0
0
2 2782 5419
0
0
0
0
1 899
0
0
0
1 5424
1 4909
2 3232 3825
1 4400
0
2 2216 3544
0
1 2034
0
1 2812
0
0
0
0
0
0
1 3301
1 2469
0
0
0
3 298 2674 4637
1 3742
1 85
1 5028
0
0
0
0
0
1 5465
0
0
1 3996
0
0
0
1 1746
0
0
0
0
0
0
0
1 431
0
0
1 4277
0
0
0
0
0
0
0
0
1 4239
1 1228
0
0
0
0
0
0
0
0
0
0
0
0
0
0
0
2 3114 5393
1 2330
1 5493
0
0
0
2 258 2843
1 1807
1 3107
0
0
0
1 1575
2 1008 2249
0
4 3262 3949 3960 5531
0
1 2253
3 2401 3804 4907
1 1607
0
0
1 885
0
2 1453 3933
0
0
0
1 1974
0
0
2 1474 4379
0
0
0
0
1 5525
0
0
1 5144
1 1489
0
0
1 316
1 2878
0
0
0
1 4357
0
1 2230
0
0
0
0
0
0
0
0
0
0
0
1 491
0
0
0
1 3885
1 779
0
0
0
4 279 346 2337 2541
2 2629 3235
0
0
0
0
2 162 5012
1 542
0
0
0
1 2256
0
0
0
0
0
0
0
0
1 2461
1 216
1 5044
0
1 1674
2 2728 4406
0
0
0
1 2594
0
0
0
2 2949 5455
0
0
0
0
1 3479
1 559
0
0
0
0
1 2675
0
0
1 4238
0
0
0
0
0
0
1 2239
0
1 1638
0
0
0
0
0
0
0
0
0
0
0
0
2 1869 5351
0
1 2415
0
0
0
0
1 3793
0
0
0
0
0
1 2450
1 4611
1 2389
0
1 2484
0
1 310
0
0
0
0
0
1 5065
1 4212
0
0
0
0
0
1 5079
0
0
1 2096
0
0
1 2137
1 1047
2 3809 4704
0
1 3959
0
2 2703 4181
2 1472 4698
0
0
0
0
0
0
0
0
0
2 1021 2373
1 211
2 3468 4054
0
0
0
0
0
0
0
0
0
0
1 3296
2 3158 4980
0
0
1 2755
0
1 429
0
0
0
0
2 446 4524
1 837
0
0
0
0
0
0
0
0
1 5015
0
1 4470
1 3168
0
0
0
0
1 3635
2 1243 3752
0
0
0
0
0
0
0
0
0
0
0
0
0
0
1 718
0
0
0
0
0
0
1 3207
1 3042
0
0
1 3041
0
2 795 2225
1 920
1 2242
0
0
1 2364
2 2922 3727
0
0
2 2610 3653
2 1437 3536
0
1 622
2 198 432
0
0
0
1 37
0
1 3851
1 30
1 3391
0
1 2301
1 3024
1 3016
0
0
2 833 5221
0
0
0
0
0
0
0
0
0
0
0
1 4039
1 2813
0
0
1 4084
0
1 758
0
0
1 3228
1 4744
0
2 1325 1633
3 3941 4663 5312
0
1 1175
0
0
1 96
0
0
0
0
1 1652
0
0
1 4785
1 3943
1 3344
0
0
1 2631
0
1 1416
0
2 2912 3150
1 3372
0
0
0
0
1 360
1 3579
0
0
0
2 989 2165
0
0
0
1 3098
0
0
0
0
0
0
1 2566
0
0
0
0
0
0
0
0
0
0
1 111
0
0
1 3077
0
0
1 4967
0
1 4978
0
0
0
0
1 1407
0
0
0
0
0
1 1527
2 1884 2234
0
0
0
0
0
0
0
0
1 265
0
0
0
0
0
0
1 3821
0
0
0
17 44 806 893 1121 1285 1654 1958 2275 2382 2844 3342 3419 3465 3776 3843 4513 5055
1 565
0
0
0
0
0
1 193
0
0
0
0
0
0
0
1 3568
0
0
0
0
0
0
0
0
0
0
0
0
0
0
0
0
1 3811
0
0
1 3203
1 1097
1 3892
0
1 5550
0
0
0
0
0
0
1 1545
0
0
2 725 1083
0
0
0
0
0
0
0
0
4 1838 3325 4465 5034
1 3099
1 1985
0
0
0
2 844 1218
1 4583
0
1 3074
0
2 2351 5024
0
0
0
0
0
1 4392
2 2030 2941
0
0
0
0
0
1 1834
0
0
0
0
2 777 4429
1 4711
2 175 828
0
0
0
0
0
0
0
0
0
2 4673 4968
0
1 3194
0
0
0
0
0
0
0
0
0
0
0
2 1150 2737
0
0
0
0
0
0
0
0
0
2 3600 4560
1 1496
0
0
0
0
0
0
2 574 3215
1 4219
0
0
0
1 4719
0
0
1 4933
0
1 3433
0
1 1178
1 2591
0
1 3315
0
1 1146
0
0
0
0
0
1 4730
0
3 457 2468 3957
0
1 1430
0
0
0
0
0
0
0
0
2 4475 5165
0
0
0
0
0
0
1 2774
0
0
1 4017
0
1 4362
0
0
0
0
0
2 913 3409
0
0
0
0
0
0
1 5117
0
0
0
0
0
7 2417 2474 2646 4687 5038 5451 5486
0
1 1925
0
0
0
1 1421
0
0
0
0
0
1 4056
0
0
0
0
0
1 407
0
1 5394
0
1 4818
0
1 850
0
0
0
0
0
0
0
0
1 4232
0
1 691
0
0
0
0
0
0
0
0
0
0
0
0
0
2 4321 5383
1 660
0
0
0
0
1 3527
0
1 3633
0
0
1 1537
0
2 2405 4213
1 471
1 4094
0
0
0
1 207
0
0
1 4798
1 292
0
0
1 102
1 1271
0
1 3630
2 1018 5492
1 1184
0
2 2130 2338
1 2011
1 5464
2 3723 3905
0
0
0
0
0
0
0
0
0
0
1 1145
0
0
0
0
2 519 3233
0
0
0
0
1 477
0
0
0
0
0
0
0
0
0
0
0
0
1 2407
0
0
0
0
1 2026
0
0
2 1385 3715
1 4518
0
0
1 4696
0
0
1 2278
0
0
0
0
1 3264
0
0
0
0
0
0
0
0
0
0
0
0
1 521
0
0
0
0
1 2996
0
0
0
0
1 2817
0
0
0
0
0
0
1 2252
0
0
1 5202
0
1 2752
0
0
0
0
4 740 1442 4474 4981
0
2 1024 2049
0
1 533
0
1 5033
1 5463
0
2 3551 5433
0
0
0
1 772
0
0
0
1 5540
0
0
0
1 1556
0
0
0
0
0
1 2204
0
0
0
0
0
0
1 5151
0
0
0
0
0
1 4536
0
0
0
0
1 632
0
0
1 1104
1 2247
0
0
0
0
1 4417
1 3616
1 4955
1 912
0
0
0
1 4591
1 2302
2 100 5238
0
0
0
0
1 276
0
0
0
0
1 4761
0
0
0
1 3222
2 1937 4797
0
1 2653
0
1 1802
0
1 2506
0
1 971
0
0
0
1 3478
1 4431
0
0
1 3713
2 4415 4891
0
0
0
1 4037
1 4770
1 1830
0
2 3801 5342
1 89
0
0
1 4435
0
0
1 2446
1 2467
2 333 1584
0
0
0
0
1 5541
0
0
1 5163
2 1779 2615
0
0
0
0
1 3459
0
0
0
1 5178
0
0
0
1 4422
0
0
1 4850
1 2135
1 1789
2 2166 4953
0
1 3639
0
0
1 2085
1 2523
0
0
0
0
0
1 3033
0
0
0
1 815
0
2 459 2410
0
0
1 1521
0
0
2 505 3083
0
0
0
1 5194
0
0
1 5275
1 1167
0
0
2 802 3091
1 1772
0
0
0
0
0
0
0
0
0
0
0
0
1 1120
1 4281
0
1 3328
1 2485
0
0
0
0
0
0
0
0
0
0
0
0
0
0
0
0
1 3827
1 3279
0
0
0
1 4757
0
0
1 4476
0
0
0
2 226 629
0
0
0
1 1694
0
2 3398 4880
1 2789
1 419
0
0
1 2233
0
0
1 3488
0
0
0
0
0
0
1 5030
0
0
2 513 4959
0
1 1206
2 2303 4682
0
0
0
1 2397
0
4 645 2458 5096 5289
0
0
0
0
0
0
2 1540 4689
1 3769
1 409
0
2 4014 5309
0
0
0
1 2488
0
1 2692
0
0
0
0
0
1 2776
0
1 11
0
1 1946
1 2471
0
1 337
0
0
0
0
0
0
0
1 1381
0
0
0
0
0
0
1 445
0
1 3490
1 3164
0
0
1 4928
0
0
0
0
1 4380
0
0
0
0
0
0
1 3015
1 4964
1 4382
0
0
1 4547
0
0
0
1 1031
0
2 2935 4858
1 3666
5 1382 1968 2666 3693 3832
2 2726 4511
0
1 597
2 2312 3324
0
1 4994
0
0
1 4020
1 1837
0
0
0
0
1 4480
0
0
1 1168
0
0
0
0
0
0
0
0
0
1 3287
0
0
0
1 4989
0
0
0
1 3060
0
0
1 5472
3 2058 4226 5416
0
1 247
1 1143
0
1 3497
0
0
0
2 218 3903
0
1 172
0
1 3934
1 3768
0
0
0
0
2 3055 3394
1 5123
1 3546
0
0
0
0
0
1 3852
0
0
0
0
0
0
1 1599
0
1 2054
3 640 1914 2037
1 763
1 1433
1 3210
0
2 1449 3734
1 1970
1 424
1 2232
0
0
2 1610 5098
0
0
3 1625 2657 5430
0
0
0
0
0
0
0
0
0
0
0
0
1 76
0
1 4299
1 1048
0
1 4836
0
2 430 4564
0
0
0
0
1 4264
0
1 2004
2 503 1483
0
0
1 320
1 2861
0
1 3381
0
0
0
0
0
1 2392
0
2 4157 4542
2 1302 2596
1 5032
0
1 2775
0
2 1975 4061
0
0
1 765
0
0
1 5482
1 2426
0
0
1 4263
2 687 1875
0
0
0
1 3972
0
0
1 3889
0
0
0
0
0
0
0
1 2360
0
3 3966 3988 4262
1 2316
1 1002
0
0
0
0
0
1 2183
0
0
0
0
0
0
0
1 5023
1 2770
0
0
0
0
0
0
0
0
0
0
0
1 925
0
1 5078
1 4773
0
0
0
0
0
2 2023 5437
0
2 3156 3802
0
1 1870
0
1 4855
0
0
0
0
0
0
0
1 924
0
0
0
2 52 2437
1 1355
1 5111
0
0
0
0
0
0
1 2473
0
0
2 3236 3480
1 5270
0
0
0
0
0
1 5329
0
1 254
0
0
0
0
0
1 3308
0
0
0
0
0
1 4179
1 3147
0
0
0
1 2268
0
0
0
0
0
0
0
1 3520
1 1910
0
0
0
1 2908
1 2854
0
0
0
0
0
0
1 2168
0
0
1 3346
0
2 3913 4244
1 1634
1 1246
0
1 3803
1 1823
0
2 2442 4105
0
0
1 4479
0
2 32 2864
0
0
0
0
0
0
0
0
0
1 2073
0
1 4570
0
1 284
0
0
0
0
1 4601
0
0
0
1 3963
0
1 2897
0
0
1 3812
0
0
0
0
2 490 3564
0
0
0
1 3414
0
1 2852
2 282 405
0
0
1 1
1 961
1 3523
6 874 1105 1260 2907 3505 4826
0
0
1 351
1 3604
2 930 955
1 3722
1 1195
0
0
0
0
0
0
0
0
0
1 3800
0
0
0
0
0
0
0
0
0
0
0
0
0
1 1189
2 909 5180
0
0
1 985
0
1 651
0
3 684 1365 4608
0
0
2 3619 4389
1 1309
1 4029
1 3484
0
0
0
0
0
0
0
0
0
0
0
1 5470
0
0
0
0
0
2 633 3853
2 2102 2514
0
0
0
1 2890
0
0
0
0
1 713
2 2598 5102
0
0
0
0
0
0
0
0
0
0
0
5 1032 1819 4680 5068 5316
1 3316
0
2 1301 5414
0
0
0
0
0
1 2280
0
0
0
1 3608
1 2931
1 2624
0
1 4816
1 230
0
0
0
0
0
1 1924
0
0
0
0
0
0
1 3726
3 678 1256 4193
0
0
1 3982
0
0
0
0
0
5 271 975 2215 4814 5041
0
0
0
0
0
0
1 1068
0
0
0
0
0
1 3612
3 1268 1520 1681
0
0
0
3 1766 3368 5367
0
0
0
0
0
1 378
1 3663
0
0
0
0
0
2 1500 3918
1 1667
0
0
0
0
0
0
1 5513
0
0
1 1497
0
0
0
1 4468
0
0
0
0
1 2421
2 1130 5035
0
1 4633
1 906
0
0
1 1314
1 3514
0
1 1277
0
0
0
0
0
0
0
1 4578
1 2158
0
0
0
0
0
0
0
0
0
0
0
1 1384
0
0
0
1 5169
1 4617
1 148
0
0
3 326 345 1499
0
0
0
0
0
0
0
2 2153 4444
0
1 3940
0
0
0
0
3 1161 3089 3897
0
1 2583
1 4051
0
0
0
0
0
0
0
0
1 3361
1 3822
1 2757
1 3640
1 5006
0
0
1 4576
2 5045 5232
0
0
0
0
1 1721
1 5097
0
1 1715
0
0
1 2212
1 1234
0
1 2909
0
0
0
0
0
0
0
0
0
0
1 664
0
0
1 363
0
0
0
0
0
0
0
0
0
0
0
0
0
0
0
0
0
1 847
0
0
0
1 2363
0
1 287
0
0
0
0
0
0
2 3899 3947
2 1592 5127
0
0
0
0
0
1 1454
0
0
0
0
0
0
0
0
0
0
0
0
0
2 3710 4180
0
0
0
0
1 1639
0
0
0
1 2294
0
0
1 3096
1 3053
1 315
0
0
0
0
0
0
1 1899
1 2810
1 3699
0
0
0
0
0
0
0
1 149
2 2547 3779
0
0
1 5099
1 3081
1 1215
0
0
0
0
1 1815
1 365
0
0
1 2527
0
0
0
0
0
1 4427
0
0
0
0
0
0
0
0
1 5101
2 672 1011
0
1 4849
0
0
0
0
1 1111
0
0
0
1 3749
0
0
1 530
0
0
0
0
1 3697
0
0
0
0
0
0
0
1 4954
0
0
0
0
0
1 4412
0
0
0
0
1 3047
0
0
0
0
0
0
0
1 137
0
0
0
0
1 1605
0
1 2884
0
0
0
0
1 2454
0
0
0
0
0
0
0
0
0
0
0
0
0
0
0
1 5369
0
0
0
0
0
1 1073
1 2902
0
0
0
0
0
1 524
0
1 1933
0
1 1170
0
0
0
0
0
0
0
0
1 4976
0
0
0
0
0
0
0
0
0
0
0
1 4865
0
1 2038
0
0
1 4765
0
0
0
0
0
0
0
0
0
0
0
0
0
2 199 4990
0
0
0
0
2 2008 5415
1 1863
0
1 5456
2 869 4421
2 886 2162
0
0
0
0
0
0
0
2 1600 3880
0
0
0
0
0
1 358
0
0
0
0
0
0
0
1 3692
0
1 1704
0
0
0
2 1561 1814
0
2 2661 4554
0
1 1457
0
0
0
0
0
1 769
1 3845
0
2 3447 5484
0
1 2206
1 3753
1 4192
1 5364
1 39
1 205
0
0
1 3267
0
0
0
0
0
1 4067
0
0
0
2 1706 2602
1 2453
1 4019
0
1 3049
0
0
1 1543
0
2 2614 4652
0
0
0
0
0
1 932
0
1 4337
0
0
0
0
0
0
0
0
1 4428
0
0
1 2223
0
0
0
1 1216
0
0
0
1 791
1 1259
0
0
0
0
1 4492
0
0
0
0
1 567
0
1 253
0
1 2592
0
0
0
0
0
0
3 797 2707 4728
0
0
0
1 3706
0
0
0
0
0
0
0
1 101
0
0
0
0
1 4228
0
1 4134
0
3 151 3417 4113
1 3460
0
0
0
0
0
1 5157
0
3 1089 1352 3148
0
0
0
0
0
0
0
0
1 262
0
0
0
1 22
0
0
0
1 4556
2 1626 4740
1 4916
0
1 264
0
0
0
1 1699
1 5494
0
0
0
0
0
0
2 3408 4323
1 442
0
1 2622
0
1 3177
0
0
1 174
2 1102 1332
1 4710
0
0
2 970 4284
0
0
0
2 2186 4059
0
1 4847
1 908
0
0
1 821
0
0
0
1 146
1 2190
1 4411
0
0
0
1 2203
0
0
1 1781
0
1 4288
0
0
0
0
0
1 5251
0
1 3833
0
1 674
0
0
0
0
0
0
0
0
0
1 1219
0
0
0
1 4048
0
0
0
0
0
1 4103
1 2818
0
0
0
0
0
0
0
0
0
0
0
0
0
0
0
0
0
0
0
1 4768
0
0
0
0
0
0
0
0
1 4092
0
0
0
0
0
0
0
0
0
1 3932
0
2 1373 3216
0
1 3229
0
0
0
0
0
1 4892
0
2 2079 2641
0
0
0
0
0
1 4273
0
0
0
0
1 951
0
0
0
0
0
0
0
0
1 986
0
2 25 1226
1 21
0
0
1 5317
0
0
1 1942
0
0
0
0
1 3870
0
0
1 2659
0
0
0
0
0
0
0
1 294
1 734
2 4568 4693
1 2396
0
0
0
0
0
1 3090
0
1 2202
0
0
0
0
1 208
0
0
0
0
0
1 3240
0
0
1 1906
1 5197
2 1166 2866
0
0
0
1 317
1 3751
0
0
0
2 1559 2273
0
1 4808
0
2 494 697
2 3356 5542
0
0
0
1 4267
1 478
0
2 3925 3953
1 3617
0
0
0
0
0
0
0
0
0
1 1594
0
1 665
0
1 1333
0
0
0
0
0
0
0
0
0
1 2101
0
0
0
0
0
0
0
0
0
0
1 4065
0
0
1 2948
1 1389
0
0
1 5265
0
0
0
0
1 2108
0
0
2 1668 4391
0
2 940 3044
0
1 4875
0
0
0
0
0
0
0
1 5347
2 3586 5388
0
0
0
0
0
0
0
0
0
0
0
2 3031 3338
0
1 1943
0
1 2593
0
0
0
1 3502
0
0
1 2555
0
1 4000
1 751
0
0
0
0
0
0
0
2 1044 1087
0
0
0
1 5100
0
0
0
0
0
0
1 782
0
0
0
0
0
0
0
1 4161
1 1842
0
0
1 3565
0
0
0
2 1276 2083
0
0
0
0
0
0
0
2 4489 4904
1 1909
0
0
0
1 1859
0
0
0
0
0
1 2544
0
0
0
0
0
1 1994
0
0
0
0
0
1 2697
0
1 5337
0
1 2886
1 1316
0
0
0
0
0
0
1 3018
1 3646
0
0
1 2919
0
0
0
0
1 636
0
0
0
1 4832
0
0
0
0
0
0
0
0
1 2139
0
0
0
0
0
0
0
1 3061
0
1 4841
1 5345
0
0
0
0
0
0
0
0
0
0
0
2 3170 5007
0
0
1 1926
0
0
1 4894
1 4401
1 528
1 5014
0
0
0
1 3100
0
1 4172
0
0
1 608
0
1 3530
0
0
1 3204
0
1 5379
1 4164
0
1 3968
0
0
0
2 4327 4414
0
0
0
0
0
0
3 2027 2380 4960
0
0
0
0
0
1 5247
0
0
0
2 2650 5280
0
1 273
1 938
0
0
0
0
0
0
0
0
0
1 213
0
1 673
1 4885
0
0
0
0
0
0
1 1115
1 3072
0
0
1 2565
0
1 4419
0
0
0
0
0
0
0
2 2997 3628
0
0
2 418 3736
0
1 4397
0
0
0
0
1 849
2 1501 5340
0
1 5085
0
0
0
1 1119
0
0
0
2 2892 4235
2 1801 3977
0
0
0
0
0
0
1 4646
0
0
1 1995
0
1 4028
0
0
0
0
1 4153
0
0
0
0
0
0
0
0
1 4558
1 1651
0
2 322 1993
0
0
0
0
0
0
1 2121
1 5539
1 2423
2 263 4425
0
0
0
0
0
0
0
1 270
0
0
0
1 4170
0
0
0
0
0
1 4784
0
0
0
0
0
0
2 666 1362
0
0
0
0
0
0
0
2 2982 4764
0
0
0
0
2 4456 4622
0
1 5533
0
0
0
0
1 3611
1 3444
0
0
1 5454
0
2 125 1248
0
0
0
0
0
0
0
0
0
0
0
0
0
0
1 4766
2 1280 3256
0
1 1567
0
0
1 1552
0
0
0
1 1701
0
0
0
0
0
0
0
0
0
0
0
0
0
0
0
0
0
0
0
1 3093
0
0
0
0
0
0
0
3 1400 3695 5242
1 3013
0
0
0
0
0
0
0
0
1 2069
0
0
0
0
0
0
0
0
1 2
0
0
0
1 483
1 2164
0
0
0
1 4538
0
0
0
0
0
0
0
0
0
0
0
1 289
0
0
0
0
0
0
0
0
1 5213
1 3171
0
0
0
3 2842 4498 4685
1 3330
0
0
0
0
0
0
1 5018
0
2 3644 5362
0
0
0
0
0
0
1 1835
0
0
0
0
0
0
0
0
1 3545
0
1 2400
1 3211
0
0
1 790
1 3486
2 3218 3748
1 468
0
1 4677
0
0
2 2036 5106
0
0
0
0
0
2 609 3370
0
0
0
0
1 5517
2 2272 5198
1 3121
0
0
2 1643 1936
0
0
0
1 4707
0
0
0
0
1 1101
0
0
1 3550
0
1 509
0
0
0
1 2879
0
0
0
2 1490 1777
0
0
0
0
1 1682
0
1 4527
0
0
0
0
0
0
1 4889
1 2097
0
0
0
0
1 1126
0
0
1 2227
0
0
0
0
1 4399
0
1 2369
0
0
2 1347 5021
1 5441
0
0
1 4452
0
0
0
1 4211
0
0
0
0
0
1 1856
1 2686
0
0
2 516 2194
0
0
0
0
0
0
0
0
0
0
2 708 1568
0
0
0
1 2388
0
0
0
0
0
0
1 4302
0
1 716
0
0
0
1 4590
0
0
0
0
0
1 3725
1 4523
1 1717
0
0
0
1 5397
0
1 5534
0
1 2894
0
2 2098 5527
1 54
0
0
1 4762
0
0
0
0
1 808
0
1 3463
1 80
0
0
0
0
1 3541
0
0
1 1623
0
0
0
0
0
0
0
0
3 3607 4848 5141
1 196
0
0
0
0
0
0
0
0
0
0
0
0
1 5026
0
0
0
0
0
0
0
0
0
0
0
0
0
0
0
1 1186
0
0
1 5277
0
1 3138
0
0
1 2899
2 1380 1963
0
0
0
0
0
0
0
1 4528
0
0
0
1 3787
2 1345 2548
0
1 2550
0
0
0
0
0
1 3345
1 2962
0
0
0
0
0
0
0
2 2696 3547
0
0
0
0
0
1 3637
0
2 1606 5168
0
0
0
0
0
0
0
0
0
0
0
0
0
0
0
1 2700
2 1118 4512
0
0
0
0
0
0
0
1 4621
1 3431
0
0
1 579
2 4350 4630
0
0
1 4374
3 2824 4460 5338
0
0
1 581
0
0
0
1 2024
0
0
0
0
0
0
0
0
0
0
0
0
0
0
0
1 339
0
0
0
1 4115
2 84 396
0
0
1 859
0
0
1 3030
1 56
0
1 796
0
0
0
0
0
1 2377
1 2414
0
0
0
0
1 714
0
1 4440
0
0
1 1577
1 2146
0
0
1 4043
1 3689
1 860
0
0
0
0
1 1477
0
0
1 5498
1 4945
1 3895
0
1 2905
0
0
1 1162
0
0
0
1 2349
0
0
0
0
1 3205
0
0
0
0
0
0
1 1305
1 2873
0
0
0
1 115
1 4634
0
0
0
0
0
0
0
1 68
0
1 3596
0
0
0
0
0
0
0
0
0
0
0
0
1 887
0
0
0
0
0
1 2918
0
0
1 1874
0
0
1 1463
2 3487 3758
0
0
0
2 1020 4278
0
0
0
0
0
0
0
0
0
0
0
0
0
0
0
0
0
0
0
2 1822 5209
0
0
1 5241
0
0
0
0
0
1 3603
0
0
0
1 2106
3 1661 2197 4130
2 1327 4385
0
0
0
0
1 57
0
0
1 463
0
0
0
0
0
0
0
0
1 278
0
0
2 3189 5249
0
0
1 766
0
0
0
0
0
0
0
0
0
3 2617 2805 5330
0
0
0
0
0
1 280
0
0
0
0
1 1932
0
0
0
0
0
0
0
2 1311 4551
0
2 3780 3807
0
1 3101
0
0
0
2 147 394
0
0
0
1 783
1 5508
0
0
0
0
2 2143 4840
0
1 1155
0
1 2717
0
0
0
2 2559 5398
1 1410
0
1 4222
0
1 3730
0
0
0
1 1358
0
0
1 1204
0
0
0
0
0
0
0
0
0
0
1 4965
1 3561
0
0
0
0
0
0
0
0
0
0
0
0
0
0
0
0
0
0
0
0
0
0
0
0
0
0
0
0
0
1 2875
1 3050
0
1 1862
0
0
0
0
2 657 1165
0
0
0
0
1 799
1 5190
1 2804
0
2 631 1517
1 3691
0
0
0
0
0
0
0
0
0
1 976
0
2 1193 4691
0
3 1415 1955 4588
1 4159
0
0
1 2871
0
1 3911
0
0
0
0
0
0
1 4922
1 1731
0
0
1 249
0
0
1 3272
0
0
0
0
0
0
1 3553
0
0
0
0
0
1 711
1 2314
2 3562 4869
0
0
1 4202
0
0
0
1 4717
0
0
0
1 3153
0
0
1 1194
1 3252
0
2 767 3987
0
0
0
0
1 4388
0
0
0
0
0
0
0
1 4139
0
0
0
0
1 5022
2 2806 3482
0
1 41
0
0
1 5175
0
0
1 2538
0
1 309
0
0
0
0
0
2 1310 3343
0
0
1 4076
1 5046
0
1 702
1 1929
0
0
1 4712
0
0
1 4354
0
1 1902
0
0
1 3411
0
0
1 1756
0
0
0
0
1 1205
0
1 2128
0
0
0
1 4261
0
1 641
0
0
0
0
0
0
0
0
0
0
0
1 1890
0
1 5372
0
1 2348
1 564
0
1 3647
0
0
1 475
2 340 710
0
0
1 3193
0
0
0
0
0
0
1 3592
0
0
0
0
0
0
0
0
0
0
0
0
0
0
0
0
0
0
1 4546
0
0
1 2823
1 1912
0
1 2455
0
0
0
0
0
0
0
0
1 2434
1 1524
1 2877
1 3399
0
0
0
1 1471
0
0
0
0
1 4199
0
1 605
0
1 1399
1 2658
1 4021
0
0
1 1190
0
1 504
0
1 5167
1 1253
0
0
0
0
1 374
0
0
0
0
0
0
0
0
1 3499
0
0
1 3291
0
0
0
0
0
0
0
0
0
0
0
0
0
1 1152
0
0
1 5404
1 1988
1 2015
0
0
0
0
0
0
0
0
0
0
0
0
0
0
1 3227
0
0
0
0
0
1 3011
0
0
0
0
0
0
1 5352
0
0
0
0
0
0
0
0
1 746
1 3268
1 2198
0
0
1 5120
0
0
1 261
1 5410
0
0
0
0
0
0
0
0
1 4072
0
1 4750
0
0
0
0
0
0
0
0
0
0
0
0
1 3796
0
0
0
0
0
1 4873
0
1 5230
0
0
0
0
0
0
0
0
0
0
0
0
0
1 3321
0
0
0
2 130 1338
0
0
0
0
0
0
0
0
0
0
0
1 2586
0
0
0
1 2534
0
0
0
0
0
0
1 3048
0
1 4356
0
0
0
0
0
1 1939
0
0
0
1 1619
3 1707 1787 4133
1 2760
0
0
0
0
0
0
0
0
0
0
0
0
0
0
0
0
0
0
0
0
0
0
3 526 3971 5524
0
0
0
3 693 3198 4670
0
1 382
0
1 1763
0
0
0
1 3654
0
0
0
0
1 3369
0
0
0
0
1 1233
0
1 1579
0
0
0
1 5179
0
0
1 5060
0
0
0
0
0
0
2 1505 4449
0
0
0
0
1 368
0
0
1 47
0
1 1597
0
0
1 5124
0
0
0
0
1 5233
0
0
0
0
0
0
0
0
2 188 5091
0
0
0
0
0
0
0
0
1 3902
0
0
2 2109 4615
0
0
0
0
0
1 223
0
0
0
0
1 3517
0
0
0
0
0
0
0
0
0
0
1 1509
0
0
0
0
0
1 1536
0
0
1 4867
0
0
0
0
0
0
0
0
2 1210 3958
0
0
0
2 4366 4952
1 2969
0
0
1 4280
0
0
1 2745
0
0
2 210 3542
1 1306
0
1 1469
0
0
0
0
0
0
0
0
1 4089
0
0
1 4035
0
0
0
1 1133
0
0
2 1798 4154
0
0
1 2486
0
0
0
0
1 2028
0
0
0
1 2739
1 1346
0
0
0
0
1 3976
0
0
1 3509
1 4341
0
0
0
2 303 2693
1 2007
0
0
0
0
0
0
0
0
0
2 4948 5260
0
0
0
0
0
0
0
1 2035
0
0
0
1 1588
0
0
0
0
0
0
0
0
0
0
0
0
0
0
1 3606
0
0
1 3483
0
2 3036 3106
0
0
0
0
0
0
1 1174
0
1 1136
0
0
0
1 552
0
0
0
1 4739
1 2240
0
0
0
0
0
0
0
0
0
0
0
1 55
1 1796
0
0
0
0
0
0
0
0
0
0
0
1 3887
0
0
0
2 1491 1984
1 3782
0
0
2 173 4597
0
0
0
1 5139
0
0
1 3374
1 110
0
0
0
0
1 28
0
0
0
1 3095
0
0
0
0
0
0
1 4991
0
0
0
0
0
0
1 3898
2 730 3594
0
1 1029
0
0
0
1 4013
0
0
0
0
0
0
0
0
0
0
1 1709
0
1 3371
0
0
0
0
0
1 2406
2 1507 2833
1 4699
1 3285
0
1 1065
0
0
0
0
1 3085
0
0
0
0
0
0
0
0
0
0
0
1 5328
1 5399
0
0
1 460
1 4616
0
0
0
0
0
0
1 5420
0
0
0
0
0
0
0
0
0
1 5181
0
0
0
0
1 4276
0
1 2354
0
0
1 5461
0
0
2 427 3533
1 4517
0
0
0
0
0
0
0
0
1 1866
0
0
0
0
0
0
0
0
1 2840
0
0
0
0
0
1 2581
0
0
0
1 2122
0
1 3830
0
1 5146
1 1750
0
0
1 4328
0
0
0
1 4530
0
1 395
0
0
0
0
0
1 4813
2 107 4005
0
0
0
0
0
1 3984
0
0
0
0
0
0
0
0
0
1 1770
0
0
0
2 1700 1847
1 4483
0
1 5062
0
0
0
0
0
0
0
0
0
0
0
0
0
0
0
1 4196
0
0
2 569 4272
0
0
0
1 5049
0
0
0
0
0
0
0
0
0
1 2498
0
3 2517 4108 5267
0
0
0
1 2182
0
0
0
0
0
0
0
0
0
0
1 436
1 2553
0
0
0
0
0
1 627
1 4426
0
1 2519
0
0
1 4714
0
0
1 1223
0
0
0
0
0
1 2475
1 2087
0
1 3202
0
0
0
0
0
0
0
0
0
1 2189
0
1 2118
1 1573
0
0
0
0
0
0
1 3916
0
0
0
1 269
0
0
0
0
1 4992
0
0
0
0
0
0
0
0
0
1 2477
0
0
0
0
0
0
0
1 1359
0
0
0
0
0
0
0
0
1 2050
0
0
0
1 2492
0
0
0
0
0
1 2248
0
0
0
0
0
0
0
0
0
0
0
0
0
0
0
3 2856 4807 5058
0
0
0
2 604 5074
0
0
0
0
0
0
1 3696
0
1 2761
0
0
1 3834
0
1 1702
3 525 4102 5095
0
0
1 4845
0
0
0
2 1350 1999
0
0
1 628
0
0
0
0
1 3838
1 956
0
0
0
0
1 4305
1 3615
0
0
1 4245
0
0
0
0
0
1 3871
0
0
1 4529
0
0
0
1 5284
0
0
1 789
0
0
0
0
0
0
0
0
0
0
0
1 252
0
0
1 4086
0
0
0
1 2191
1 1613
0
0
0
0
0
0
1 3304
1 3250
1 843
0
1 2575
0
0
0
1 2217
0
2 1458 4240
0
1 1743
0
0
2 541 3836
0
0
1 4477
0
1 3910
0
0
1 474
0
0
0
0
1 1695
0
0
0
0
0
0
0
0
1 2819
0
0
0
1 1326
0
0
1 3777
0
0
0
0
0
0
0
0
0
0
0
0
0
1 383
0
0
0
0
0
0
1 3569
1 3789
0
0
0
0
0
1 3258
0
0
0
0
0
3 164 184 2281
0
0
1 3659
0
0
0
1 1300
2 686 743
0
0
0
0
0
1 5333
0
0
0
2 2834 4344
0
0
1 4242
0
0
0
2 551 2464
1 3945
0
0
0
0
0
0
0
0
2 1429 1664
0
0
0
0
0
0
0
1 4998
0
1 4877
0
1 998
0
0
0
0
0
1 3312
0
0
0
0
0
0
0
0
1 5476
0
0
0
0
0
0
0
0
0
0
0
1 93
1 4996
0
0
0
0
0
0
0
1 1956
1 3901
2 719 4135
0
1 2611
0
0
1 3407
0
0
0
1 1250
2 3440 5532
0
1 583
1 2883
0
1 2420
0
1 2298
0
0
0
2 1409 2262
0
0
0
0
0
0
0
0
0
0
0
0
0
1 5477
1 3166
0
0
0
1 5512
0
0
0
1 1713
0
0
0
0
1 404
0
0
0
0
0
0
0
0
0
1 3667
0
0
0
1 177
0
0
0
0
0
1 1930
0
0
0
0
1 5440
0
0
0
0
0
0
0
0
0
0
0
0
2 1290 1755
0
1 897
0
0
1 3115
0
1 2104
0
1 4208
0
0
0
1 1231
0
0
0
0
0
0
0
1 313
1 2533
0
0
0
1 352
0
0
1 1688
1 2210
0
0
0
0
0
0
0
1 2005
0
0
0
0
0
0
1 3735
0
1 3144
0
0
0
0
0
0
0
0
1 1197
0
0
0
0
2 1369 5053
0
1 724
0
0
0
0
0
0
0
0
1 484
0
1 4669
0
0
0
0
0
0
0
1 377
0
0
0
1 2291
0
0
0
0
0
1 8
0
0
1 1758
0
0
0
0
1 531
1 2150
0
0
0
2 1319 4260
1 5295
0
1 3137
0
1 4580
2 2771 4011
1 5311
1 4567
1 3915
0
0
0
0
0
0
0
0
0
1 589
1 116
0
0
0
1 4896
1 3395
0
0
0
0
0
0
0
0
0
1 1628
0
0
0
1 4809
0
1 3022
0
0
0
0
0
0
1 2858
1 4584
0
0
0
0
0
0
1 563
0
0
0
0
0
0
1 2427
0
0
0
0
1 3421
0
0
0
0
2 1247 3239
0
0
0
0
0
1 3197
2 670 2497
0
0
1 5126
1 996
1 232
0
0
0
0
0
0
1 736
0
1 4534
0
0
0
1 1964
0
0
1 619
1 1417
1 600
0
1 5515
0
0
0
2 2576 4394
0
0
1 1351
2 512 1851
0
0
0
0
0
0
0
0
1 4091
0
0
0
1 2961
1 4430
1 571
0
1 4174
0
0
2 83 5210
0
0
0
0
0
1 5400
0
0
0
0
1 1852
0
0
0
0
1 1080
1 4781
0
1 4624
1 4800
1 5403
0
0
0
0
0
1 5459
0
1 1144
1 1982
1 2265
1 1062
1 4708
0
0
1 4096
0
1 4231
0
0
0
0
1 3872
0
0
0
1 4413
0
0
0
0
0
0
0
0
0
0
1 1672
1 2381
0
0
0
0
0
0
0
2 1800 3314
1 738
0
0
0
1 426
0
0
1 2184
0
0
0
0
1 4846
0
0
1 1858
0
0
0
1 2562
0
0
0
1 393
0
0
1 1753
0
0
1 2720
1 2889
0
0
0
0
1 1938
0
1 2791
1 5286
1 2290
1 4695
0
0
1 5192
0
0
0
0
0
0
0
0
2 2041 4944
2 1183 3132
1 2368
0
0
0
1 2898
2 1455 1685
0
0
0
0
0
0
0
0
0
0
0
0
0
0
0
0
1 3466
0
1 1293
2 387 2457
1 5029
0
0
0
0
0
0
0
0
0
0
0
1 3102
0
0
0
1 1526
0
0
1 4657
0
0
0
0
1 1236
1 4925
0
0
1 1723
0
0
2 701 1622
0
0
0
0
0
1 1051
0
0
0
0
0
0
0
0
0
0
1 5189
0
1 1098
0
0
0
1 689
0
0
0
0
0
0
0
0
1 1697
1 4664
0
2 1324 2161
0
0
1 1844
0
0
0
0
0
2 3531 4184
0
0
0
2 1648 4754
0
0
0
1 3716
0
0
0
0
0
0
0
0
0
0
1 4015
0
0
0
0
1 5291
0
0
0
0
0
0
0
0
0
0
1 3341
0
0
0
0
0
0
0
0
0
0
0
0
0
1 1615
0
0
1 3339
0
2 1371 3029
0
1 1286
0
0
1 2009
1 4216
0
0
0
0
0
0
2 1916 4295
0
2 603 4093
2 123 1952
0
1 606
1 978
0
2 1774 2287
1 5373
0
0
2 1792 5273
0
1 4165
0
0
0
0
0
2 256 4893
0
1 2835
0
0
0
0
0
0
1 2271
0
0
0
0
0
1 2708
1 1650
0
0
0
0
2 4700 5392
0
0
0
1 737
1 4110
0
0
1 4390
0
0
0
1 2683
0
2 1759 3556
0
0
0
1 1854
1 5239
1 3206
1 2201
1 4147
0
1 1412
0
1 5269
0
0
0
1 1971
0
0
0
1 2790
0
0
1 3125
0
13 391 749 2138 2341 2828 3636 3738 3973 4158 4602 5172 5434 5502
0
0
0
1 4641
0
1 3242
1 5348
0
0
0
0
0
0
0
0
1 440
1 3763
1 5278
0
0
0
0
0
0
1 3890
0
0
0
0
0
1 2508
1 4748
0
0
0
0
0
1 2307
0
0
0
0
0
0
0
0
0
0
2 1744 3745
0
0
1 4553
1 2724
0
0
1 3931
1 2292
0
0
0
4 3373 3873 3954 5234
1 4829
0
0
0
1 3939
0
0
0
0
2 1776 2936
0
0
0
0
0
0
1 1287
1 3942
0
0
0
0
1 4177
0
0
0
2 669 4874
0
0
1 2736
0
0
0
0
0
0
0
1 1514
0
0
1 1767
0
2 3246 4806
0
0
1 5480
1 3837
0
0
0
0
1 2896
2 1636 4494
0
1 2326
1 118
0
2 3962 5066
0
0
0
0
0
0
0
0
0
0
0
0
0
0
0
0
0
1 3855
0
0
0
0
0
1 2284
1 5305
0
0
0
0
0
0
0
0
0
0
1 3820
1 2820
0
0
0
0
0
0
0
0
0
0
0
3 807 4971 5086
0
0
0
0
0
0
0
0
1 323
1 4205
0
0
0
1 2404
0
0
0
1 538
0
0
0
0
1 639
0
0
1 1221
0
0
0
0
1 3390
0
0
0
0
0
0
0
0
0
0
0
0
0
0
1 2244
0
0
0
0
0
0
0
0
2 3117 4857
0
1 5196
0
1 156
0
0
0
0
0
0
0
0
0
0
0
1 5324
1 2395
0
0
0
1 4592
1 2061
0
0
0
0
0
1 1398
1 4116
0
0
1 4353
0
0
2 2669 5077
1 4782
0
0
0
0
0
0
1 4956
0
0
0
0
0
0
0
0
0
0
0
1 4112
0
0
0
1 4215
0
0
0
0
0
0
8 50 982 1714 1873 2512 3404 3846 4776
0
0
0
0
0
2 4073 5237
0
1 4455
0
0
0
1 5075
0
1 1848
0
0
0
0
0
0
0
0
1 4403
0
0
0
0
0
0
2 224 5357
0
1 3513
0
1 4804
0
0
1 4642
0
0
1 735
2 1977 5156
0
0
0
0
0
0
0
1 2177
3 447 1484 1860
1 3576
0
0
0
0
1 5225
1 3791
0
0
0
0
0
1 119
0
0
0
0
0
0
0
2 3290 4552
1 4979
0
0
0
0
0
0
0
1 1900
0
1 2339
0
0
0
0
0
0
0
3 3123 4760 4862
0
0
1 1973
0
0
0
0
0
1 3438
0
1 539
0
0
0
0
0
0
0
0
0
0
0
0
0
0
0
0
1 1972
1 2016
0
0
0
0
0
0
0
0
0
0
0
0
1 3351
1 882
0
0
0
0
0
0
0
0
0
0
0
0
0
0
0
0
0
1 5008
2 3471 4398
0
0
0
0
0
0
0
1 3839
0
0
0
0
0
0
0
1 3703
0
0
0
0
1 3322
3 3172 3396 3790
0
0
0
0
0
0
0
0
1 1585
0
0
0
0
1 4521
0
0
0
1 3956
0
0
0
0
1 4387
2 9 2987
0
0
0
0
1 4210
1 2017
3 1074 2785 4864
0
0
0
0
0
1 4467
1 3133
0
0
1 4077
1 192
0
1 3844
0
1 1570
0
0
0
1 1761
0
0
0
0
0
1 3674
0
2 4190 5093
0
1 4249
0
0
0
0
0
0
1 4985
0
0
0
0
0
1 4778
0
0
0
0
1 1655
0
0
1 3538
0
0
0
0
0
0
0
0
0
0
0
1 4561
0
0
0
0
0
0
0
0
1 5500
0
0
0
1 2489
0
0
0
0
0
1 759
0
0
0
0
1 441
0
0
0
0
1 941
0
0
0
0
0
0
0
0
0
0
0
0
2 721 1768
0
0
0
0
0
1 1059
0
0
0
0
0
2 1361 3002
0
0
0
0
0
0
0
0
0
0
1 1892
1 929
0
0
0
0
0
0
0
0
1 1692
0
0
0
1 1229
0
0
0
0
0
0
0
0
0
0
0
1 1378
0
0
0
0
0
1 3662
0
0
0
0
0
0
0
0
0
0
1 2067
2 3671 5538
0
0
0
0
0
0
0
0
0
0
0
1 3449
0
0
1 2958
0
2 934 5177
0
0
0
0
4 560 1394 4217 5449
0
0
0
0
0
0
0
0
0
0
0
0
1 90
0
0
0
0
0
0
0
1 3076
0
0
1 2865
1 4252
0
0
0
0
0
0
0
1 5296
1 4325
0
0
0
0
0
0
0
0
1 3208
1 2975
1 623
0
0
0
0
1 646
0
0
0
0
0
1 785
1 3967
1 3450
0
0
0
0
0
1 4097
0
0
0
1 4612
0
0
0
0
1 1426
0
0
1 1422
0
0
0
1 421
0
0
1 1586
1 974
0
0
0
0
1 4667
0
0
0
0
0
1 2179
0
0
0
0
2 498 4890
0
0
1 5043
1 1291
1 3920
0
0
0
0
0
0
0
0
1 4977
0
0
0
0
0
0
0
0
0
0
0
0
2 325 369
0
0
0
1 914
0
0
1 699
1 2126
1 2981
0
0
0
0
0
0
0
0
1 71
1 3728
0
0
0
0
0
0
1 4683
1 4681
0
1 4501
1 532
0
0
0
0
0
0
0
0
0
1 953
0
1 2371
0
1 4469
0
0
1 2825
0
3 2710 3669 3936
1 4940
1 5350
0
0
0
1 2081
1 1042
0
0
0
2 373 2431
0
0
0
0
0
0
0
0
0
0
0
1 2609
0
1 2340
0
0
2 1135 1689
0
1 2536
0
0
0
1 389
0
0
0
0
0
0
1 1057
0
1 301
0
0
0
0
0
0
0
0
0
2 159 2716
0
0
0
0
0
0
1 3362
0
2 1560 5528
0
0
0
3 1518 3694 5112
0
0
0
1 3281
0
0
0
0
0
0
0
1 2334
1 4349
1 5147
0
1 2626
0
0
1 5020
0
0
1 3493
0
0
0
0
0
1 3269
0
0
0
0
0
0
0
0
0
0
0
0
0
0
0
0
0
0
0
0
1 501
0
1 1023
0
1 449
1 1026
1 3587
1 1641
0
0
0
0
0
1 482
0
0
0
0
0
0
0
0
0
0
0
0
0
1 4142
0
0
0
0
0
0
0
0
0
0
1 1225
0
1 5173
0
1 2995
2 3914 4974
1 3038
0
1 5466
0
0
0
0
0
0
0
0
1 5522
1 773
0
0
0
0
0
1 1525
0
0
1 1918
0
0
0
1 3001
0
2 1006 1067
0
1 1957
0
0
0
0
0
0
0
1 183
0
0
0
0
0
0
0
2 1383 5431
0
0
1 3039
0
0
1 1425
0
0
0
0
0
0
0
0
0
1 1028
0
0
1 3865
1 4351
0
0
1 944
0
0
0
0
1 4532
0
0
0
0
0
1 1760
0
0
0
0
0
1 4999
0
0
0
0
0
0
1 4451
1 4290
0
0
0
0
0
0
0
0
0
0
1 1191
0
0
1 2952
1 2089
0
0
0
0
0
0
0
1 3393
1 1109
0
0
0
1 3643
2 353 582
0
0
1 66
0
0
0
2 2773 4550
0
0
0
0
0
1 3778
1 4888
0
0
0
0
0
0
0
1 5497
1 34
0
0
0
0
2 1202 2558
0
2 875 2968
0
0
0
0
1 5188
0
0
0
0
0
0
0
0
0
0
0
1 3964
2 2032 5303
2 3677 4715
0
0
0
0
2 4064 5385
1 1443
0
0
0
0
0
0
1 3970
0
0
1 1075
0
0
0
0
1 682
0
0
0
0
0
0
0
0
0
0
0
0
1 2448
0
0
0
0
0
0
0
0
0
0
0
1 2124
0
0
1 2762
0
1 2557
0
1 5129
0
0
1 4246
0
0
1 3831
0
0
0
0
0
0
0
1 5246
0
0
0
0
1 335
0
1 4674
0
0
0
0
0
1 2224
1 1486
2 1840 4376
0
0
0
0
0
0
1 3560
0
0
1 5050
0
2 4320 4533
1 319
0
0
0
0
0
0
1 2304
0
0
0
0
0
0
1 1459
0
0
0
0
0
0
0
0
1 3079
2 492 5302
0
0
0
0
0
1 220
0
0
0
0
0
0
0
0
4 143 1582 4555 5457
0
1 2743
0
0
0
0
0
0
1 456
0
1 2181
0
0
2 1609 4292
0
0
0
0
0
0
0
1 408
0
1 2668
1 5428
0
0
0
0
0
0
0
1 1572
0
0
0
0
0
1 1108
2 1091 2588
1 3614
1 5174
0
1 3506
0
0
0
1 2934
0
0
0
0
1 3522
0
1 3919
0
0
0
1 4605
1 3257
1 178
0
0
0
1 2606
0
1 1323
1 3331
0
0
0
0
1 2487
0
1 2012
1 257
0
1 671
1 3634
0
0
0
0
0
0
0
0
0
0
0
0
0
0
2 948 4665
0
0
0
0
0
1 1921
0
1 3462
0
0
0
0
0
0
1 707
0
0
0
0
0
0
0
0
0
0
0
1 2976
0
0
0
1 2180
1 2966
0
0
0
0
0
1 2607
0
0
1 3058
1 5349
0
0
0
0
0
1 4338
0
0
0
0
0
1 1502
0
0
0
0
0
0
0
0
0
0
0
0
0
0
0
0
0
0
0
0
2 51 876
1 3900
1 4812
0
0
0
2 5138 5442
0
0
0
2 2642 3904
0
0
0
1 926
0
0
0
1 3071
0
1 3092
0
0
1 2863
1 1009
0
0
0
0
0
0
0
0
1 3160
0
0
0
0
0
0
0
1 5322
0
0
0
0
0
1 3441
1 2306
1 2704
0
0
0
0
0
0
0
0
0
0
0
0
0
0
1 2045
0
2 1251 4052
0
0
1 1544
0
0
1 2342
1 3978
0
0
1 2570
1 5108
0
0
0
0
1 4678
0
0
0
0
0
0
0
1 2347
0
0
0
0
4 3238 3888 5263 5377
0
0
2 3627 4751
0
0
0
0
0
0
0
0
0
1 1857
1 792
0
0
1 2970
1 2496
0
1 977
0
0
0
1 4886
0
1 994
0
0
0
1 379
0
0
0
0
0
0
0
0
1 5016
0
1 2795
0
0
0
0
0
0
1 4746
3 372 984 5256
2 202 1548
0
0
0
0
0
0
0
0
0
0
0
1 2078
1 3146
0
0
0
0
0
0
0
0
1 4166
0
0
0
0
0
1 1775
0
0
0
0
0
0
0
0
0
1 2718
0
1 1014
0
0
1 1624
0
0
0
0
0
0
1 415
0
1 5326
0
0
0
0
0
0
0
0
0
0
0
0
0
0
0
0
0
1 48
0
0
1 3327
1 2946
0
0
0
0
0
2 1090 3259
0
0
0
1 5514
0
3 1401 2655 5231
1 2933
0
1 518
0
0
1 2522
0
0
1 4627
0
0
0
0
1 613
0
0
1 4118
2 1535 4416
0
0
0
1 2763
0
0
0
1 2510
0
1 5363
0
1 4464
0
0
0
1 3601
0
0
0
0
1 3657
0
1 2444
0
0
0
0
0
0
1 2808
1 2796
0
0
0
0
1 2359
2 480 936
0
0
0
0
1 3475
0
0
1 4050
0
1 2003
0
0
0
2 1254 3975
0
0
0
0
0
1 922
0
0
0
0
0
2 1913 2767
0
0
0
0
0
0
1 4921
0
0
0
0
2 1691 2836
0
1 842
0
0
0
0
0
0
0
0
0
0
0
0
0
0
1 4251
0
0
0
2 1079 4437
0
0
0
0
0
0
0
1 135
0
0
0
0
0
0
0
1 4895
0
0
0
0
0
0
0
0
0
0
0
0
0
0
0
1 931
1 3010
1 2251
0
0
0
0
1 1294
1 3152
0
1 2398
2 2209 4906
0
0
1 3504
0
1 786
2 4237 4598
0
0
1 1997
0
0
0
0
0
0
2 3376 5346
1 4126
0
0
0
0
0
0
0
0
0
0
0
0
0
0
0
0
0
0
1 935
0
0
2 1086 5307
2 10 2490
0
0
0
0
0
0
0
0
0
0
1 1447
0
0
1 4745
0
0
0
0
0
0
1 584
0
1 4919
0
0
0
0
0
0
0
1 1036
0
1 4645
0
0
0
0
0
0
1 2705
0
0
0
0
0
2 2673 4308
1 4007
0
0
0
0
1 3672
0
1 2731
1 2091
0
0
0
0
0
0
0
0
0
1 4266
0
0
0
0
1 2953
1 3850
1 1553
1 712
0
0
0
0
1 2595
2 3009 3655
0
0
0
0
0
0
0
0
0
0
0
0
0
0
0
0
0
0
0
0
0
2 3534 4257
1 992
0
0
0
0
0
0
1 168
0
2 3410 3698
0
1 4899
0
0
0
0
0
1 290
2 1396 4195
0
0
0
0
0
0
0
0
0
0
0
1 465
0
0
0
0
0
0
0
0
0
0
1 4069
0
0
1 5545
0
0
0
0
0
0
1 3224
0
0
1 2441
0
0
1 2853
0
0
1 2526
0
0
1 4033
0
1 1773
2 1230 2394
1 3165
0
0
0
0
0
0
2 1736 4012
0
2 2637 5010
0
0
1 2333
0
0
0
0
0
0
0
0
0
0
0
1 1154
0
0
0
0
1 3435
0
0
0
0
1 4656
1 2352
0
0
0
1 1103
0
0
1 4283
0
1 349
0
0
0
0
0
2 3108 4001
0
1 2479
0
1 3720
0
0
0
0
0
0
0
1 2154
0
0
0
0
0
2 3481 4032
0
0
0
1 81
1 1295
0
1 1320
0
0
0
0
0
0
1 4128
0
0
0
0
0
0
0
0
0
0
0
0
0
1 1485
0
0
0
0
0
0
0
1 3557
0
0
2 2451 3397
0
0
0
0
0
0
0
0
0
0
0
0
0
0
1 3265
0
1 4018
0
0
0
0
0
1 4040
0
0
1 2985
0
2 361 5335
0
0
1 104
0
0
0
1 4279
0
0
1 3599
0
0
1 5223
0
1 3999
0
1 4171
0
0
0
0
0
1 2120
0
0
0
0
0
1 4878
0
2 154 1555
0
0
0
1 972
3 1375 4247 5185
0
1 3906
0
0
1 5334
0
0
0
0
0
0
1 5048
0
0
1 5331
1 2924
0
0
1 4828
0
0
0
0
0
0
0
0
0
0
0
0
0
0
0
1 2733
0
0
0
0
0
0
0
0
0
0
0
0
0
0
0
0
0
0
0
0
0
0
0
0
0
0
0
0
0
0
1 1224
0
0
0
0
0
0
0
0
0
0
0
0
0
0
0
0
0
0
0
0
0
0
0
0
1 2670
0
0
0
0
0
0
0
0
0
0
1 428
1 5219
0
0
0
0
0
0
0
0
0
0
0
0
0
1 3642
0
0
0
0
0
0
0
0
1 5408
0
0
0
0
0
0
0
0
0
0
1 2528
1 1160
0
0
0
0
0
2 1488 3861
0
0
2 3566 5191
0
0
0
2 124 1386
0
0
0
0
0
2 344 1151
1 2913
0
1 1845
0
0
0
0
0
0
0
0
0
0
1 2228
0
1 4125
1 4339
0
0
0
0
0
0
1 4973
1 2243
0
0
0
0
1 2676
0
1 4993
0
0
1 4473
0
0
0
0
0
1 4544
0
4 416 1703 1786 3385
0
0
0
2 1810 3423
0
0
0
0
0
0
1 5458
1 3690
0
0
0
0
2 1117 5121
1 5276
0
0
4 658 1976 2699 3334
0
2 1434 3065
0
0
1 5425
1 4866
0
0
1 2882
0
0
1 1764
1 2375
1 1908
0
0
0
1 1620
0
0
0
1 62
1 841
0
0
0
0
0
0
0
0
0
0
1 385
0
0
1 5131
0
0
0
0
0
0
0
0
0
1 5001
1 3190
1 1803
0
0
0
1 4572
1 561
1 4581
0
0
0
0
1 250
0
0
2 1771 1783
1 5264
0
0
0
0
0
0
0
1 2973
1 3571
1 2556
0
0
0
1 3761
0
0
0
0
1 2185
1 1308
0
0
1 2159
0
0
0
0
0
0
0
0
0
0
1 238
0
2 3650 4577
0
0
0
0
0
1 2482
0
0
1 568
0
0
0
2 1022 2914
0
0
0
0
1 4241
0
0
0
0
1 434
0
0
0
0
0
1 4898
1 4352
0
0
1 4772
0
0
0
0
0
0
0
0
0
0
0
0
0
0
0
0
0
0
1 4448
0
0
0
0
0
0
0
0
0
0
0
0
0
1 3318
0
0
1 5257
1 1003
0
2 1867 3451
1 5107
1 5217
1 2022
1 5042
0
1 5187
1 5227
1 5320
0
1 5549
2 142 1274
0
1 3993
0
0
1 53
0
0
0
0
0
0
0
0
1 3278
0
0
0
0
0
0
0
0
0
1 4793
1 1467
0
1 677
0
0
0
0
0
0
0
1 4942
0
0
0
0
0
1 4654
0
0
0
0
0
0
1 933
0
0
0
0
1 794
0
0
0
0
1 1436
1 4926
0
0
0
0
0
0
0
1 2738
1 5310
0
0
1 2554
1 2357
0
0
1 2662
0
0
2 2174 5511
0
0
0
0
0
1 4975
1 2955
0
0
0
0
0
0
0
0
0
0
1 2839
2 5381 5510
0
0
1 1865
0
0
0
0
0
0
0
0
0
1 1861
0
0
0
1 1334
2 1158 3929
3 592 3270 4686
0
0
0
0
0
0
0
0
0
0
0
0
0
0
0
0
0
1 2134
0
0
0
0
0
0
0
1 1379
1 2433
2 2044 4306
0
2 1134 4496
0
0
0
1 3670
0
0
0
0
1 2769
0
0
0
0
1 4934
0
0
0
0
0
0
0
2 2385 4168
1 3816
0
0
0
0
0
0
0
1 601
0
0
1 4383
0
0
1 219
0
0
0
0
1 4736
0
0
0
0
0
0
0
0
0
0
0
0
0
0
0
0
1 507
1 4360
1 4207
0
0
0
0
0
2 3683 4270
0
1 367
0
0
0
0
0
0
0
0
1 3068
0
0
2 881 963
0
0
0
0
0
1 4559
0
0
0
0
0
0
0
0
0
1 1978
0
0
0
0
0
0
1 898
1 634
0
0
0
1 4312
0
0
0
0
0
0
0
1 3088
0
1 1961
0
0
0
0
0
0
0
0
2 4487 4860
1 2943
0
0
1 2145
0
0
0
0
1 4049
1 67
0
0
0
0
0
0
0
0
0
0
0
1 74
0
0
0
1 3051
0
1 4506
0
1 4200
0
0
0
0
0
1 1413
0
0
0
1 140
0
0
2 1934 4566
0
0
0
0
0
0
0
0
0
0
0
0
0
0
0
0
0
0
0
1 1578
0
0
0
0
1 4729
0
3 2947 3489 4801
0
0
0
0
0
0
0
1 3067
0
1 4649
0
0
0
0
0
0
0
0
0
0
0
0
0
0
0
0
0
0
0
0
0
0
0
0
0
0
1 343
0
0
0
0
0
1 3180
0
0
0
0
0
0
0
0
0
0
0
0
0
0
0
1 179
0
0
0
0
0
2 1138 2113
0
1 2267
1 3260
0
0
0
0
0
0
0
1 3985
0
0
0
2 586 1411
0
0
0
1 77
0
1 209
0
0
0
3 1722 1959 5376
0
1 2569
0
0
0
0
0
0
1 888
0
1 937
0
0
0
0
0
0
1 968
0
0
0
0
1 4775
0
0
0
2 1129 2577
1 3445
1 5183
0
1 890
3 612 4026 4490
1 2623
0
0
0
0
0
1 1139
0
1 3740
0
0
0
0
0
0
1 5220
0
0
2 2756 3700
0
0
0
1 1635
0
0
0
2 1710 3428
0
0
1 4298
0
0
0
0
0
1 3032
1 4436
2 2568 2764
1 557
1 1673
0
1 398
0
0
0
1 1053
0
0
1 2706
1 4749
0
0
0
0
0
0
1 1367
0
0
1 3501
0
0
0
0
0
0
1 4930
1 1096
0
0
0
0
0
0
1 4083
0
0
0
0
0
1 1240
0
0
0
2 1642 4138
0
0
0
0
0
0
0
0
1 4852
0
0
0
0
0
1 987
1 3427
0
0
0
0
0
0
0
0
0
1 2429
0
0
1 695
0
0
0
1 2282
0
0
0
0
0
0
1 126
0
0
1 3652
0
0
0
0
0
0
0
0
0
0
2 1603 1733
2 3724 5142
0
0
0
0
0
1 4155
0
0
0
0
0
1 3379
0
0
1 2476
1 5071
0
0
0
1 4478
2 1444 4127
0
0
0
0
0
0
0
0
0
1 180
2 831 3105
0
0
2 2625 2993
2 2384 4725
0
0
0
0
0
1 336
0
0
0
0
0
1 3575
0
0
0
0
0
0
1 281
0
0
0
0
0
0
1 1188
0
1 12
0
0
0
0
0
0
0
0
1 1304
0
0
5 1878 1903 1940 2994 4983
0
0
0
0
0
0
0
0
0
1 3938
2 3684 3756
0
0
1 401
1 731
0
1 3618
1 3003
0
0
1 617
1 1506
0
0
0
0
1 1739
0
0
0
0
0
0
1 5243
0
0
1 1948
0
2 235 1004
1 3182
0
0
0
1 3632
2 3300 5501
0
0
0
0
0
0
1 770
0
0
0
1 5019
0
0
0
0
0
0
1 4706
0
0
0
1 1811
2 969 4104
0
0
0
1 3288
0
0
0
1 4129
1 33
0
0
0
0
0
1 5467
0
1 3378
0
0
0
0
0
0
0
0
1 4595
0
0
0
0
0
0
0
0
0
0
0
0
0
0
1 3034
0
0
0
0
1 1629
1 2261
0
0
1 186
0
0
0
0
0
0
0
0
0
0
0
0
0
0
0
0
0
0
0
0
0
0
0
0
0
0
0
0
0
0
0
0
0
0
0
0
0
0
0
1 2193
0
0
0
0
1 4815
1 4229
0
0
0
0
0
0
0
0
0
1 5184
0
0
1 5061
0
0
1 4946
0
1 1307
0
0
1 1790
0
0
0
1 3243
0
0
0
0
0
0
0
0
0
0
0
0
0
0
0
0
0
0
0
0
0
0
0
1 3559
0
0
0
0
0
0
1 1235
0
0
0
1 5546
0
0
0
0
0
0
1 0
0
0
1 2634
1 4070
2 1275 4821
0
0
1 4404
1 1907
0
0
0
1 2954
0
0
0
0
0
0
0
1 5292
0
0
0
0
0
0
0
0
0
0
0
1 1712
0
0
0
0
0
0
1 4713
0
0
0
1 3437
0
0
0
0
0
0
1 2714
0
0
0
0
0
0
0
2 1227 1482
0
2 2308 3109
0
0
0
0
0
0
0
0
0
0
0
0
0
0
1 2040
0
0
0
0
0
0
0
0
0
0
0
2 2236 5059
1 4767
0
0
0
0
0
0
1 5069
0
0
0
0
0
0
0
0
0
0
0
0
0
1 3110
1 1998
0
0
0
0
0
0
0
0
0
1 3120
2 2391 3828
0
0
0
0
2 203 5087
0
0
0
1 1511
0
1 5447
0
0
0
0
0
1 3199
0
0
2 15 3676
0
1 3629
1 2293
1 3510
0
1 1337
0
0
0
0
2 653 5052
1 3817
0
2 314 1387
0
2 19 823
0
1 5205
0
1 1954
2 376 2075
0
0
0
0
0
0
0
0
0
0
0
0
0
0
1 2117
0
0
0
0
1 2654
0
1 910
0
0
0
1 5072
0
0
1 2115
0
1 4969
0
1 4684
0
0
0
1 2870
0
0
0
0
1 1263
0
0
0
0
0
0
1 3847
0
1 2167
0
0
0
0
0
0
1 3878
0
1 5122
0
0
0
0
0
1 453
0
0
0
0
0
0
0
0
0
0
0
2 2759 3638
0
0
1 680
0
0
0
0
2 3746 4060
0
0
0
0
0
0
0
0
0
0
0
0
0
0
1 5090
0
0
1 2974
0
0
0
0
0
0
0
0
0
1 4198
0
0
0
0
0
0
0
0
0
1 2793
0
0
0
0
0
1 2322
1 4966
1 5039
0
0
0
1 2313
1 5336
0
2 3333 4297
0
0
2 2257 4150
0
1 2734
0
0
0
0
0
1 2218
2 2350 4902
0
0
0
0
0
1 2277
1 4743
2 1719 2346
0
0
0
0
0
0
0
1 1163
0
0
0
0
0
0
0
0
0
0
0
0
3 3059 3927 4197
2 392 900
0
0
0
0
0
0
0
0
1 732
0
0
1 1915
0
0
0
1 2893
0
0
0
0
0
0
0
0
0
0
1 26
0
1 4080
0
2 251 3866
1 4949
1 4393
0
0
1 648
0
0
0
0
1 1827
0
0
0
0
1 3721
0
0
0
1 2031
0
0
0
0
0
0
0
0
0
1 4508
0
0
0
0
0
0
0
0
0
0
0
1 2590
0
0
2 2494 4870
1 481
2 4317 5520
0
0
0
0
2 3863 4258
0
0
1 4361
0
0
0
0
1 3717
0
0
0
0
0
0
0
0
0
1 4970
0
0
0
0
1 4446
0
1 752
0
0
1 3131
0
0
0
0
0
0
0
0
0
0
0
0
0
1 4068
0
0
0
0
0
0
0
0
0
0
1 4331
1 2207
0
0
0
0
0
0
0
0
0
0
0
0
0
0
0
0
0
0
0
0
0
0
0
0
0
1 572
0
0
0
2 3705 4034
0
0
0
1 5353
1 537
1 5115
0
0
0
0
0
0
0
0
0
1 980
0
0
0
1 5149
0
0
0
0
0
1 1645
0
1 1853
0
2 2920 4334
0
0
0
0
0
0
0
0
0
0
0
0
0
0
0
0
1 371
0
0
1 4502
0
0
2 1272 1920
0
0
1 5272
0
0
0
0
0
0
0
0
0
0
0
0
0
0
1 3795
0
1 1374
0
0
0
0
0
1 704
0
0
0
1 1671
0
0
0
0
0
1 2788
0
0
0
0
0
0
0
0
0
0
0
0
0
1 2956
1 4314
0
0
1 3213
0
0
0
0
0
0
1 3549
0
0
2 954 3598
0
0
0
0
0
0
0
0
0
0
0
1 4702
0
0
2 825 3896
0
0
1 1885
0
0
1 2977
0
0
0
0
0
1 4057
1 2090
3 2235 2560 2809
0
0
0
1 5516
0
0
0
0
0
0
0
0
0
0
0
1 3540
0
1 5294
0
0
0
0
1 3867
0
0
0
0
0
0
0
1 819
0
0
0
0
0
1 1794
0
0
0
1 1675
1 1368
1 5503
0
0
0
0
0
0
0
1 3163
0
0
0
0
2 846 3981
0
0
0
1 5387
0
0
1 3159
1 3187
1 2518
2 6 5240
0
2 1693 2270
1 3781
0
0
0
0
0
0
0
0
0
0
0
0
0
0
0
2 889 3113
0
1 3056
0
0
2 285 3087
0
1 2383
0
0
0
0
1 5327
0
1 113
0
0
0
2 4342 5547
0
0
0
0
1 1895
0
0
0
1 2452
0
0
1 1113
0
0
0
2 2187 3766
0
1 312
0
0
1 927
0
0
0
0
0
0
0
0
0
1 4183
0
1 5128
0
0
0
1 4010
1 3491
2 364 3347
0
0
0
0
0
0
0
2 659 1735
0
1 856
0
0
1 921
0
0
1 5489
0
0
1 2176
0
0
0
1 473
0
0
1 5152
0
0
0
0
1 4269
1 222
1 4372
0
1 4187
0
0
0
0
0
0
0
0
0
1 2111
0
0
0
0
0
0
1 1989
0
0
0
0
0
0
0
0
1 4123
0
1 2988
0
0
1 2254
1 2296
0
1 3881
0
0
0
0
0
0
0
0
1 3364
2 4178 4268
1 2910
1 4008
0
0
0
0
0
0
0
0
1 4152
0
1 4071
0
0
0
0
0
0
0
0
0
0
0
0
1 7
0
0
0
0
1 1296
1 2628
0
0
0
0
0
0
0
0
0
1 3019
0
0
0
0
0
0
0
1 1951
0
0
1 5255
0
1 1969
0
0
0
0
0
0
0
0
0
1 1762
0
0
0
1 4690
1 3358
0
0
0
1 4318
1 4900
0
1 5025
0
0
0
0
1 2379
0
0
0
0
0
1 4742
2 1017 3928
0
0
0
0
1 3388
1 3261
0
0
0
0
2 1124 4111
3 1100 3584 4106
1 1402
0
0
0
2 3365 3995
0
2 1551 2709
1 2681
0
1 2188
1 1821
0
1 4961
1 2214
1 5254
0
0
1 2283
0
1 2025
0
2 1632 2324
1 470
1 2605
0
1 4169
1 302
1 654
0
1 862
0
1 2285
1 1991
1 2849
0
2 3464 4384
2 1658 1891
1 4255
0
2 3461 3665
0
2 771 2144
1 78
0
0
1 3893
0
0
0
1 1107
1 342
1 1025
1 3249
2 1476 4610
1 4651
1 3680
1 1213
1 3006
1 4509
1 1203
0
1 1456
0
0
1 1503
0
0
0
1 4872
0
0
0
0
0
0
0
0
1 227
0
0
0
0
0
0
2 1547 4589
1 784
0
1 2175
0
3 1313 2443 2821
0
2 1257 2345
0
0
0
2 540 2742
1 2387
1 4697
0
0
0
0
0
0
0
0
1 5118
5 576 2057 3868 4248 4758
1 5496
1 2802
2 1676 4822
0
0
0
0
1 1601
2 488 2867
0
2 2551 4571
1 1464
0
0
0
3 200 2092 3874
2 3661 3829
0
0
0
0
1 1549
0
2 611 5443
0
0
0
0
0
0
0
0
1 2082
1 297
0
0
1 1041
0
0
0
0
0
0
0
0
0
0
0
1 761
0
0
0
0
0
0
0
0
0
0
0
0
0
0
1 3681
0
0
0
0
1 4175
0
0
0
0
0
1 949
1 1099
0
0
0
0
0
0
0
0
0
0
0
0
1 3453
1 3271
0
2 1050 4759
0
0
0
0
0
0
0
0
0
0
0
3 3181 4420 5427
0
2 4507 4599
0
0
0
1 4045
0
0
2 2172 3191
0
0
0
0
0
0
0
0
0
0
0
1 2540
0
0
0
0
0
0
1 2295
0
1 3860
0
0
0
0
0
1 848
3 2086 3818 4737
1 4827
0
0
0
0
0
0
0
2 472 3474
0
0
0
0
0
1 5027
0
0
0
0
0
1 3524
0
0
0
0
0
0
1 4124
0
0
2 864 1012
1 5080
0
0
0
0
0
0
0
2 508 5150
0
0
0
0
0
0
1 2688
0
0
1 5226
0
0
0
0
0
0
0
1 778
0
0
1 268
0
0
0
0
0
0
1 3359
0
0
0
0
0
0
0
0
0
1 4520
0
0
0
0
0
0
0
0
0
0
0
0
1 747
0
0
1 462
0
0
0
1 4274
0
0
0
0
0
0
0
0
0
1 243
0
0
1 4149
0
1 3329
0
0
0
0
1 3794
0
0
0
1 4881
1 327
2 3323 5116
0
0
0
0
0
0
1 871
0
0
3 1574 3230 4582
0
1 3955
0
0
0
0
0
0
0
0
0
0
0
0
0
0
0
0
0
0
0
0
1 535
0
0
0
2 2916 3311
1 185
0
1 2906
0
0
0
0
1 341
0
0
0
1 3255
0
0
0
0
0
0
0
0
0
0
0
0
1 64
0
1 1519
0
0
0
0
1 755
0
1 4500
0
0
0
0
0
0
0
0
0
1 1439
0
0
0
0
0
0
0
1 1927
0
1 4548
1 1292
0
1 1329
0
0
1 4883
2 1027 3908
1 3558
0
0
0
0
0
0
0
0
0
0
1 1686
0
0
0
1 4786
1 296
0
0
1 5281
0
0
0
0
0
0
0
1 4275
0
0
0
0
0
0
2 818 1077
0
2 3023 3320
0
0
2 2149 4620
0
0
0
2 466 2147
0
0
1 3595
0
0
0
0
0
0
0
0
0
0
0
0
1 1349
0
0
1 2895
0
0
0
0
0
2 1038 1587
0
0
1 2402
0
0
0
0
1 5248
0
0
0
0
0
0
0
1 602
0
0
0
0
0
0
1 5037
0
0
0
0
0
1 638
0
0
0
0
2 1893 3819
0
0
0
1 728
0
0
0
1 692
0
0
1 4286
0
0
1 3384
0
0
0
0
0
0
0
0
0
0
1 720
0
0
1 5283
0
0
0
1 649
0
1 2928
0
0
1 2132
0
1 152
1 2630
0
0
1 58
0
0
0
1 2327
0
1 4802
0
2 1627 3992
1 305
0
1 1242
0
0
0
0
0
0
0
2 1670 2525
0
0
0
0
0
0
0
0
0
1 4472
1 667
0
1 3075
0
0
1 2279
0
0
0
0
1 439
0
0
0
0
0
0
0
0
1 2574
0
0
0
0
0
2 2925 5000
0
0
0
0
1 5299
0
1 2432
0
0
0
0
1 5297
0
0
0
1 3983
0
0
2 626 3733
0
0
0
0
1 2957
0
1 5166
0
0
1 4963
0
1 1069
1 4024
0
1 275
0
0
0
0
0
0
0
0
0
0
0
2 3425 3739
0
0
1 2753
1 3526
0
0
0
0
0
0
0
0
0
0
0
1 1208
0
0
1 206
0
0
0
0
0
0
0
0
0
0
1 4660
0
0
0
1 2921
1 2171
1 2965
0
0
0
0
0
0
0
0
0
1 2119
1 3348
0
0
0
0
1 4820
0
0
1 4336
0
0
0
0
0
0
0
0
0
0
0
0
0
1 4409
0
0
0
0
0
0
0
0
2 2051 5208
0
0
0
0
0
0
0
0
1 1804
0
1 4777
0
0
0
0
0
1 239
0
0
0
0
1 3383
0
0
0
0
0
0
0
0
0
1 1546
0
0
0
0
1 2848
1 2967
0
0
0
0
0
0
0
0
0
0
0
0
0
0
0
0
0
0
1 1923
0
0
0
1 5203
0
0
0
0
0
1 2600
0
0
0
0
0
1 694
0
0
0
0
0
1 2801
0
0
0
0
0
0
0
0
0
0
0
1 4727
0
0
0
1 103
0
0
0
0
0
1 4871
0
0
0
0
0
0
1 3196
1 3757
0
0
0
1 5083
0
0
0
0
0
0
0
0
0
1 2142
0
0
0
1 1850
0
0
0
0
1 1589
0
0
0
0
1 5136
0
0
0
0
0
0
0
1 5314
0
0
0
11 754 829 1035 1322 2730 2998 4087 4365 4951 5009 5325
1 1010
0
0
1 502
0
0
0
1 306
1 2020
0
1 5504
0
0
0
0
0
0
0
1 3754
0
0
1 1092
0
1 5407
2 698 4596
0
1 1282
2 3112 4655
0
1 2535
0
0
0
0
0
0
0
0
0
0
1 4911
0
0
0
0
0
0
1 437
0
0
1 1962
1 2229
0
0
1 4432
0
0
0
0
0
0
0
0
0
0
0
0
0
0
0
0
0
0
0
1 161
0
0
0
1 1901
0
0
0
1 3737
0
1 1137
0
0
0
0
0
1 2503
0
0
1 4381
1 4628
1 5308
0
0
0
0
0
0
0
1 2021
0
0
0
1 4579
1 3951
0
1 2751
0
0
1 4062
0
0
0
0
0
0
0
0
0
0
0
0
0
0
0
3 2014 2520 4593
0
0
0
0
1 4042
1 1071
0
1 4988
0
0
0
1 1806
0
1 1279
0
1 1508
0
1 2151
0
0
0
0
0
0
0
0
0
0
0
0
1 1147
0
1 2274
0
0
0
0
0
0
0
0
0
1 4063
0
1 805
0
0
0
0
0
0
0
0
1 2597
0
0
0
1 3178
0
1 1876
0
0
0
0
0
0
0
0
0
0
3 150 2549 4326
0
0
0
0
0
0
0
0
0
0
0
0
0
0
0
1 5300
1 2245
0
1 3135
0
0
0
0
0
0
1 4450
1 2900
0
1 1070
0
1 3363
0
0
0
0
0
0
0
0
1 2983
0
2 851 2938
1 3401
0
0
0
0
0
0
0
0
0
0
0
0
0
2 1056 4047
0
0
1 5279
0
0
1 1922
0
0
0
0
0
1 386
0
0
1 2001
0
0
0
0
0
0
0
0
0
0
0
0
2 2768 4055
0
0
0
0
0
0
0
0
0
0
0
0
0
1 3673
0
0
0
0
0
0
0
1 1343
0
0
0
0
1 3704
0
0
0
1 3563
0
0
0
0
0
0
1 5304
0
1 4882
0
1 4204
0
0
0
1 24
0
0
1 246
0
0
0
1 2687
0
0
0
0
1 1141
0
0
0
0
1 5245
1 1708
0
0
2 836 3623
0
0
0
0
1 3986
0
0
1 1255
0
0
0
0
0
0
0
0
0
0
0
0
0
0
0
0
0
0
0
2 195 4088
0
0
0
1 3944
0
0
1 4792
0
0
0
0
0
0
0
0
0
0
0
1 5481
0
0
0
0
0
0
0
1 2826
0
1 145
0
1 2208
0
0
0
0
0
0
0
0
0
2 1201 4522
0
0
0
0
0
2 2723 3143
0
0
0
0
1 1372
2 3173 3495
0
0
0
1 4439
0
0
0
0
0
1 1403
0
1 1335
1 4780
0
0
1 3040
0
0
0
0
0
0
0
0
1 3161
0
0
0
0
0
0
2 1181 5368
1 1360
0
0
0
0
0
2 753 2715
0
2 1344 1614
0
0
0
1 266
0
0
0
0
0
0
0
0
0
0
0
2 2173 5222
0
0
0
0
0
0
0
0
0
0
1 3714
0
1 4863
0
2 1542 2964
0
1 3709
0
0
0
0
0
0
0
1 2356
0
0
0
0
0
0
0
1 2378
0
0
0
1 4738
0
0
0
0
0
0
0
0
1 621
0
0
0
0
0
0
0
0
0
0
0
0
0
0
0
0
0
0
0
0
0
0
0
1 3848
0
0
1 5530
0
0
0
0
0
0
0
1 4136
0
0
0
1 4227
0
1 3007
0
1 3005
0
0
0
0
0
0
0
0
0
0
0
0
0
1 4897
1 4703
0
0
0
0
0
0
1 3590
0
0
1 919
0
0
0
1 2393
0
1 3994
0
0
0
0
1 3622
0
0
0
0
0
0
0
0
0
1 2500
0
0
0
1 744
0
1 1659
0
0
0
1 3912
1 1185
0
0
0
0
0
0
0
0
0
1 4296
1 5339
0
0
0
0
0
0
0
2 75 4408
0
0
1 359
3 23 2505 3021
0
0
1 5490
1 3392
0
0
0
0
2 2680 4504
1 4495
1 4163
1 1684
0
0
0
0
0
0
0
0
0
0
0
0
0
0
0
0
0
0
0
0
0
0
0
0
0
0
0
0
0
3 1836 3744 5266
0
0
0
0
1 598
1 3035
0
0
0
1 4132
0
0
0
0
1 1687
1 2971
0
1 3764
2 590 2472
1 2053
0
0
0
0
0
0
0
0
0
0
0
0
0
0
0
0
0
0
0
0
1 4488
0
0
0
0
0
0
1 599
0
0
1 3773
0
0
2 304 1366
0
0
1 3515
1 4549
0
0
0
0
0
0
0
0
0
2 2297 3284
0
0
0
0
0
0
0
0
0
0
0
0
0
0
0
0
0
0
0
1 3679
0
0
0
0
0
0
1 870
0
0
1 5391
0
1 493
0
0
0
1 4329
0
0
0
0
0
2 3858 5323
0
1 2578
0
1 3555
0
0
0
0
0
0
1 1728
0
0
1 229
0
0
0
0
0
0
1 399
0
0
0
0
1 1754
0
0
0
0
0
0
0
0
1 4769
0
0
0
0
0
0
2 69 1894
0
0
0
0
0
0
0
0
0
0
0
2 3080 3765
1 2787
0
1 4085
0
0
0
0
0
0
0
1 272
0
0
1 2374
0
0
0
0
0
0
1 1061
0
0
0
0
0
0
0
0
1 2456
0
0
0
1 618
0
0
0
0
2 679 4294
0
0
1 4206
0
1 625
0
0
0
1 3420
0
1 2679
0
0
0
0
0
0
0
2 1452 4917
0
0
0
1 4659
1 4606
0
0
2 2711 4053
0
0
1 705
0
0
0
0
0
1 3155
0
1 1580
1 1269
0
0
0
0
0
0
0
1 2639
0
0
0
0
0
0
0
0
0
0
0
0
0
0
0
0
0
0
0
0
0
0
1 1030
0
1 4943
0
0
0
0
0
1 2874
0
0
1 4156
0
0
0
1 3418
1 3548
0
3 1164 1169 4726
0
0
0
2 907 4322
0
0
0
0
0
0
0
0
0
1 5103
0
0
0
0
0
0
0
0
0
0
0
0
0
0
1 4716
0
0
0
0
0
0
0
0
0
0
0
0
0
0
1 128
0
0
0
1 5366
2 3588 4903
0
0
0
0
0
0
0
0
0
0
0
0
0
1 2984
1 3186
0
0
0
0
1 4545
1 3446
0
0
1 458
0
1 1297
0
2 877 1583
0
0
0
0
0
0
0
0
1 3750
0
0
0
0
0
1 1680
2 2317 4692
0
0
1 2491
0
0
0
1 2013
0
1 2156
0
1 3277
0
0
0
0
2 709 3231
0
0
0
0
0
0
0
1 1212
0
0
0
0
1 5548
0
1 834
0
0
0
0
0
1 840
1 4763
0
0
0
0
1 5158
0
0
1 2746
0
1 3253
2 2344 4618
0
0
0
0
0
0
2 288 5485
0
1 5344
0
1 1631
0
0
0
0
0
0
0
1 1239
0
0
0
0
0
0
2 2580 5104
0
0
0
0
0
1 5200
0
0
0
0
1 5057
0
0
0
1 2266
2 2656 3128
0
0
0
0
0
0
0
1 681
0
1 5004
1 1528
0
1 5361
0
0
0
0
0
1 487
0
0
0
0
0
2 4075 4632
0
0
0
0
0
2 981 5153
1 4095
0
0
0
0
0
0
0
0
0
0
1 3869
0
1 3200
0
0
1 5036
0
0
0
0
0
0
0
1 500
0
0
1 3786
1 1966
0
1 4176
0
0
1 4395
0
0
1 1953
0
0
0
1 4236
1 5262
0
0
0
1 72
0
0
0
1 3741
0
0
1 1996
0
1 2992
0
0
0
0
1 2648
0
0
0
0
0
0
0
0
0
0
0
0
0
0
2 201 715
0
0
0
0
0
0
0
0
1 1336
0
0
0
0
0
0
1 3070
0
0
0
0
2 166 2543
0
0
0
0
1 3950
0
0
0
0
0
0
0
1 2876
0
1 357
0
0
0
1 1112
0
0
0
0
0
0
1 403
1 3020
0
0
0
0
0
2 991 2632
1 1919
1 1640
0
0
0
0
0
0
0
0
0
0
0
1 334
0
1 2428
0
0
0
0
0
0
0
0
0
1 1033
0
0
0
0
0
0
0
0
0
0
0
0
0
0
0
1 2123
0
1 3336
0
1 1855
0
0
0
0
0
0
0
0
0
0
0
0
0
1 816
0
0
2 237 3961
0
0
0
0
0
1 952
1 117
0
1 5341
0
0
0
0
1 4333
0
0
1 338
0
0
0
0
1 311
0
0
0
0
0
0
0
1 4285
0
0
0
0
0
0
0
11 295 1666 1778 2390 2784 3783 4367 4461 4537 4844 5290
0
0
1 1820
0
0
0
0
1 2741
0
0
0
0
0
0
0
0
0
0
1 4484
0
0
1 2093
0
0
0
0
1 2904
0
0
0
0
0
1 822
0
1 2582
0
0
0
2 1565 4078
0
0
0
0
3 122 2286 5250
0
0
0
0
0
0
0
0
0
0
0
1 1494
0
0
0
3 2435 3537 3798
0
0
0
0
0
1 370
0
0
0
1 5228
1 990
1 5259
0
0
0
0
1 2652
0
1 2721
0
1 553
0
0
0
0
0
0
0
1 4114
0
0
0
0
0
1 2196
0
0
0
0
0
0
0
0
0
1 3416
0
0
0
1 1808
0
1 4364
0
0
0
0
1 2499
0
0
0
1 3179
1 38
0
0
1 685
0
0
0
0
0
0
1 545
0
0
0
0
0
1 2945
0
0
0
0
0
0
1 3582
1 2367
0
0
0
1 1617
0
0
0
0
0
0
0
1 3572
0
0
0
0
0
0
0
0
0
0
1 1791
1 1980
1 49
0
0
0
2 2361 2799
0
0
0
0
0
0
1 4002
0
0
0
0
1 1084
0
1 4188
0
0
0
1 411
0
1 3219
0
0
0
0
0
0
0
0
0
0
1 132
1 215
1 5288
0
0
1 1493
1 1530
1 1441
0
1 878
0
0
0
0
0
0
1 1039
0
1 5519
0
0
0
0
0
0
0
0
0
0
0
0
0
0
0
0
0
0
0
0
0
0
1 2509
1 5113
0
2 3813 5417
0
1 4658
1 255
0
0
0
0
0
0
0
0
0
0
0
0
0
1 2107
0
0
1 4503
0
0
0
3 1220 2651 4586
1 4914
1 4493
1 3220
0
0
0
0
0
0
0
0
0
0
0
0
1 750
0
0
1 4025
0
0
0
1 2131
0
0
0
2 2727 2786
0
1 3292
0
0
0
0
0
1 4191
0
0
0
0
0
0
0
0
0
0
0
1 3651
0
1 4936
1 1749
0
0
0
0
0
1 2930
0
0
0
0
1 106
0
0
0
0
1 1340
0
0
0
0
0
1 2481
0
0
0
0
0
1 593
0
0
0
0
0
0
0
0
1 614
0
0
0
0
0
0
0
1 4638
0
0
0
0
1 820
0
0
1 5119
0
0
0
1 610
0
0
1 543
0
0
1 1965
0
0
1 2094
2 452 2095
1 4853
0
1 757
0
0
0
0
0
0
0
1 549
0
0
0
0
0
0
0
0
0
1 4594
1 4722
0
0
0
0
0
0
0
0
0
1 204
1 4162
0
0
0
0
1 3103
0
0
0
0
0
0
0
0
1 4984
0
0
0
0
0
0
0
0
0
0
0
1 3862
0
0
0
0
1 3299
1 2749
1 3303
0
0
0
0
0
0
0
0
0
0
0
0
0
0
0
0
0
0
1 911
0
0
0
0
0
0
0
0
0
0
0
0
0
0
1 2125
0
0
0
0
0
0
1 3274
0
0
0
0
0
0
0
1 3621
0
0
1 5499
0
0
0
0
0
0
0
1 3266
1 853
0
0
0
0
0
0
0
0
0
0
1 5479
0
0
0
0
0
0
0
1 1001
0
0
0
0
0
0
0
0
1 2152
0
1 4131
0
0
0
0
0
0
0
0
1 4462
0
0
1 2077
0
0
0
0
0
0
0
1 775
0
0
0
1 3799
0
0
0
1 5537
1 4830
0
0
0
0
0
1 3066
0
0
0
0
0
0
0
0
0
0
1 4453
0
1 5343
0
0
1 1598
0
0
0
0
0
0
0
1 3806
0
0
0
0
0
1 2309
0
0
0
0
0
0
3 2062 5051 5134
0
0
0
0
0
0
0
0
0
0
0
0
0
1 4887
0
0
0
1 3477
0
0
1 1649
0
0
0
2 4023 4143
0
0
0
0
0
0
1 4148
0
0
1 5401
0
0
0
1 1967
0
0
1 2682
0
0
0
1 4346
1 2881
0
0
1 1419
0
1 2980
0
0
0
0
1 182
0
0
0
0
0
1 3649
0
0
0
1 2732
1 46
0
0
1 4927
0
1 3886
0
0
0
0
0
0
0
0
0
0
0
2 1171 4225
0
0
0
0
1 2972
0
0
0
0
0
0
0
0
0
0
1 4121
0
0
1 2838
0
0
0
0
0
1 3386
1 3357
0
0
0
0
0
1 3025
0
0
0
0
0
0
0
0
0
1 4915
0
0
0
0
0
0
0
0
0
0
0
0
1 2238
1 4396
0
1 945
0
1 3126
0
0
0
0
0
0
0
0
0
0
0
1 2440
0
0
0
0
0
0
0
0
0
0
0
0
0
0
0
0
2 4701 5011
0
0
0
0
0
0
0
0
0
1 3937
0
0
0
0
0
0
1 652
0
0
0
0
0
2 2319 3457
0
0
0
0
0
0
0
1 2564
0
0
0
0
0
1 1817
0
0
0
0
0
0
1 988
0
0
0
0
1 1813
0
0
0
0
0
0
1 1432
0
0
1 1611
0
0
0
0
0
0
0
0
1 2532
0
0
0
0
0
0
0
0
0
0
0
0
0
0
1 3810
0
0
1 555
0
0
0
0
1 2891
0
0
0
0
0
0
0
0
0
0
0
0
0
0
0
0
1 4803
0
0
0
0
0
0
0
1 642
0
0
0
0
0
0
0
1 1391
0
0
0
0
0
0
0
0
0
0
0
1 3063
0
0
0
0
0
