1 12684
1 5031
1 6449
1 2991
1 761
1 1709
1 13406
1 13587
1 8587
1 9590
1 11027
1 4638
1 12441
1 1837
1 374
1 12826
1 220
1 2721
1 3064
1 12842
1 20
1 5896
1 5733
1 15267
1 14939
1 5895
1 13055
1 3327
1 7827
1 1974
1 3853
1 3100
1 4988
1 12530
1 10270
1 2954
1 2269
1 3850
1 16166
1 5617
1 2441
1 7208
1 1947
1 2397
1 3981
1 3444
1 16732
1 7587
1 10814
1 16215
1 9392
1 10599
1 4912
1 11776
1 6660
1 7793
1 6834
1 6976
1 14279
1 2838
1 1944
1 247
1 11610
1 937
1 14097
1 474
1 10250
1 12055
1 6904
1 15461
1 2596
1 9935
1 15861
1 2914
1 12067
1 15263
1 4793
1 12199
1 13705
1 2794
1 6671
1 11268
1 596
1 8733
1 6827
1 3516
1 659
1 1827
1 680
1 4462
1 9803
1 2283
1 2383
1 8397
1 150
1 1263
1 3891
1 477
1 380
1 1461
1 4421
1 5702
1 4254
1 14553
1 11334
1 790
1 16379
1 7978
1 2369
1 490
1 7822
1 3941
1 139
1 13439
1 1043
1 6895
1 8620
1 16014
1 9220
1 9455
1 2900
1 250
1 16089
1 9026
1 11518
1 6377
1 12362
1 1648
1 15644
1 76
1 7481
1 1408
1 16250
1 3120
1 888
1 10952
1 1709
1 5475
1 2485
1 860
1 12085
1 2080
1 11771
1 10430
1 262
1 15017
1 5780
1 7031
1 5249
1 5398
1 14808
1 5711
1 14275
1 444
1 11362
1 276
1 9330
1 2785
1 1683
1 10019
1 926
1 14682
1 3644
1 2292
1 8323
1 767
1 15911
1 2920
1 11136
1 1852
1 1919
1 544
1 4740
1 7814
1 5761
1 4070
1 1206
1 8471
1 10491
1 12174
1 12408
1 1482
1 16721
1 10162
1 8323
1 14073
1 12571
1 3148
1 7606
1 2091
1 785
1 1038
1 9608
1 3988
1 1
1 14988
1 6689
1 521
1 3846
1 5560
1 13786
1 15890
1 10744
1 12811
1 16467
1 5618
1 14399
1 4247
1 5934
1 12201
1 7672
1 3763
1 1023
1 6241
1 1127
1 16251
1 3659
1 2203
1 4738
1 11954
1 10421
1 55
1 13514
1 7624
1 9422
1 1561
1 4580
1 13740
1 1590
1 15433
1 5138
1 2448
1 8685
1 520
1 512
1 12492
1 2657
1 16007
1 11686
1 14475
1 1430
1 2216
1 1655
1 14019
1 359
1 43
1 14942
1 4731
1 135
1 7152
1 11648
1 13059
1 8230
1 5681
1 4933
1 16297
1 9043
1 10506
1 3573
1 3377
1 1816
1 7430
1 5729
1 6326
1 5741
1 3970
1 15086
1 609
1 13972
1 8100
1 6334
1 5161
1 15484
1 6230
1 2874
1 14368
1 4426
1 335
1 6988
1 3638
1 7010
1 12432
1 5028
1 1415
1 5002
1 13430
1 3220
1 5339
1 15749
1 6470
1 11146
1 2501
1 4251
1 147
1 5918
1 16045
1 14150
1 13804
1 3514
1 520
1 1123
1 10009
1 13689
1 7720
1 15363
1 14288
1 14615
1 1805
1 581
1 7216
1 3726
1 16029
1 13461
1 8516
1 12840
1 5381
1 3610
1 5949
1 2469
1 10391
1 4811
1 407
1 6316
1 9280
1 276
1 9917
1 5252
1 14034
1 47
1 2060
1 1929
1 2914
1 2373
1 4470
1 15958
1 10368
1 12419
1 4643
1 16024
1 6822
1 7279
1 14080
1 13713
1 12152
1 11524
1 5252
1 3638
1 880
1 390
1 11240
1 120
1 5037
1 8521
1 10247
1 1468
1 564
1 847
1 15926
1 5584
1 15266
1 3914
1 11331
1 3305
1 5315
1 13482
1 5410
1 1141
1 11986
1 7584
1 9917
1 16111
1 13241
1 10743
1 9977
1 7354
1 430
1 12847
1 8577
1 5185
1 10724
1 333
1 1919
1 7547
1 8303
1 3185
1 11622
1 14877
1 8880
1 77
1 10000
1 1277
1 9103
1 13028
1 8824
1 7031
1 7971
1 6827
1 950
1 12279
1 15440
1 1758
1 12467
1 2805
1 15937
1 8457
1 5028
1 778
1 4197
1 10452
1 4622
1 226
1 16237
1 2472
1 150
1 1196
1 10794
1 11567
1 2712
1 6268
1 4588
1 1442
1 9870
1 2549
1 837
1 4773
1 3164
1 8805
1 7928
1 11469
1 3781
1 4800
1 3538
1 3846
1 1997
1 11711
1 612
1 8051
1 14655
1 988
1 14319
1 9119
1 9683
1 5754
1 395
1 1712
1 4658
1 3786
1 9442
1 2792
1 10085
1 1430
1 2882
1 16435
1 12913
1 3453
1 767
1 10439
1 4137
1 15673
1 4516
1 7897
1 1177
1 14005
1 6979
1 2662
1 11159
1 14177
1 1166
1 6519
1 1491
1 13685
1 4242
1 13920
1 13505
1 8268
1 7278
1 283
1 4285
1 5964
1 250
1 10885
1 13104
1 10094
1 6453
1 8567
1 2220
1 1627
1 15803
1 13779
1 1041
1 5021
1 3629
1 10415
1 15409
1 5958
1 2231
1 125
1 499
1 9890
1 2914
1 15840
1 10081
1 14611
1 4808
1 7346
1 4522
1 1277
1 11976
1 13951
1 6554
1 701
1 3177
1 8713
1 4604
1 483
1 3083
1 6613
1 2409
1 10833
1 4280
1 2059
1 4331
1 2895
1 2902
1 5516
1 8177
1 7541
1 2691
1 6187
1 3005
1 5443
1 8595
1 9947
1 4362
1 889
1 14068
1 777
1 13199
1 9289
1 9493
1 13758
1 8260
1 3645
1 16428
1 2263
1 16176
1 1209
1 852
1 2138
1 16446
1 641
1 8348
1 7776
1 16126
1 463
1 16924
1 107
1 12276
1 861
1 3677
1 9790
1 11642
1 2489
1 8656
1 7273
1 3982
1 1856
1 5679
1 11697
1 8020
1 1605
1 8728
1 13190
1 1017
1 4112
1 1090
1 13770
1 1604
1 2944
1 6794
1 3090
1 6802
1 10247
1 8420
1 11048
1 806
1 12195
1 230
1 3236
1 8619
1 15328
1 1467
1 11887
1 16396
1 1996
1 29
1 977
1 4692
1 15314
1 15357
1 8703
1 11948
1 14218
1 9025
1 8162
1 7337
1 9028
1 487
1 6197
1 6530
1 16425
1 13794
1 12237
1 10844
1 16405
1 2785
1 3177
1 12474
1 15507
1 8701
1 2390
1 15144
1 3845
1 9835
1 1716
1 15517
1 14353
1 8058
1 8187
1 4580
1 2459
1 7120
1 4403
1 5097
1 12022
1 3025
1 6143
1 2167
1 14231
1 9294
1 4766
1 7256
1 16954
1 1403
1 1189
1 4613
1 9840
1 1110
1 13064
1 14268
1 1774
1 5071
1 16855
1 12837
1 13690
1 268
1 1098
1 7111
1 11588
1 13490
1 4229
1 746
1 2371
1 2
1 5312
1 5979
1 6351
1 14309
1 1064
1 9191
1 8680
1 10508
1 5429
1 6243
1 5801
1 1073
1 2536
1 11798
1 5152
1 15512
1 12928
1 15792
1 10317
1 1479
1 5073
1 16169
1 8331
1 4839
1 2790
1 8935
1 1090
1 4214
1 14244
1 7545
1 14531
1 12351
1 2240
1 5958
1 14632
1 9924
1 551
1 8912
1 7228
1 666
1 13273
1 15542
1 917
1 10539
1 6624
1 15709
1 7279
1 7168
1 11100
1 5107
1 6848
1 15890
1 6637
1 1087
1 3820
1 8408
1 14261
1 9701
1 2216
1 3161
1 8558
1 4030
1 626
1 3212
1 14240
1 2390
1 7846
1 12468
1 13037
1 3176
1 5919
1 9432
1 8692
1 9068
1 8801
1 369
1 4358
1 1411
1 1439
1 8331
1 15237
1 551
1 7422
1 14002
1 1613
1 9103
1 16334
1 6056
1 13135
1 15080
1 14607
1 14104
1 1721
1 16438
1 3879
1 9678
1 1090
1 13819
1 2927
1 4767
1 2648
1 4831
1 6994
1 7187
1 2239
1 5608
1 12505
1 13704
1 4371
1 10137
1 1984
1 16612
1 2017
1 4068
1 13969
1 3634
1 1213
1 2203
1 6075
1 7035
1 13748
1 9846
1 10992
1 2650
1 1181
1 8218
1 6516
1 5668
1 10708
1 2137
1 11824
1 3833
1 6836
1 5690
1 1719
1 7116
1 746
1 887
1 4533
1 1009
1 677
1 14782
1 3981
1 9271
1 6668
1 582
1 2043
1 1171
1 1200
1 1493
1 1673
1 4514
1 16004
1 250
1 14168
1 13371
1 16418
1 5776
1 16078
1 12842
1 969
1 13326
1 2224
1 3325
1 4070
1 14607
1 14
1 12409
1 2321
1 3861
1 15724
1 71
1 14960
1 3787
1 2331
1 455
1 15730
1 11611
1 10925
1 8247
1 4045
1 1469
1 13396
1 5333
1 13910
1 6275
1 4203
1 14850
1 442
1 16562
1 1022
1 1475
1 13492
1 2358
1 3102
1 6830
1 6859
1 3045
1 13692
1 2768
1 13942
1 77
1 1422
1 1370
1 666
1 5569
1 15404
1 14042
1 2971
1 1926
1 5034
1 10277
1 10599
1 15677
1 16259
1 1456
1 1192
1 11998
1 9525
1 1985
1 1159
1 3589
1 5570
1 6919
1 12214
1 13425
1 12236
1 1461
1 2637
1 3981
1 2638
1 483
1 2211
1 8497
1 12021
1 3489
1 13028
1 2814
1 1483
1 287
1 46
1 2151
1 5216
1 15604
1 5773
1 5066
1 12869
1 16520
1 4415
1 4166
1 9921
1 1937
1 2217
1 655
1 2912
1 15212
1 3834
1 13495
1 10905
1 1049
1 4908
1 4885
1 10613
1 13464
1 1461
1 9725
1 5039
1 10976
1 5646
1 11819
1 9785
1 11023
1 10885
1 12216
1 6231
1 2230
1 6019
1 9688
1 892
1 1754
1 10193
1 16807
1 3394
1 738
1 10524
1 13845
1 2864
1 5884
1 16013
1 9957
1 13311
1 5039
1 8193
1 1955
1 2483
1 23
1 3023
1 5032
1 1741
1 11998
1 1834
1 2361
1 2394
1 1605
1 12223
1 12521
1 5766
1 4444
1 11366
1 684
1 9874
1 5161
1 7131
1 10714
1 9029
1 3414
1 13210
1 15815
1 9392
1 1945
1 10743
1 5069
1 5893
1 12337
1 16882
1 3919
1 16116
1 15944
1 11129
1 1700
1 10720
1 2489
1 8684
1 445
1 8370
1 291
1 2668
1 16581
1 4858
1 11758
1 12492
1 977
1 10152
1 1176
1 3580
1 10623
1 14608
1 5429
1 13942
1 1259
1 10784
1 1764
1 1930
1 13650
1 4258
1 99
1 6936
1 3762
1 11701
1 10083
1 4360
1 13714
1 10086
1 14133
1 10186
1 7848
1 15582
1 4685
1 5120
1 15970
1 615
1 14607
1 11058
1 396
1 14202
1 16266
1 376
1 13807
1 9973
1 666
1 6064
1 1716
1 1690
1 3746
1 4796
1 28
1 13862
1 8918
1 1636
1 12283
1 3185
1 1178
1 14865
1 10007
1 1042
1 9707
1 644
1 15494
1 8765
1 740
1 1697
1 7876
1 1927
1 10152
1 5168
1 14365
1 14837
1 14743
1 3013
1 5509
1 9597
1 10312
1 2612
1 14168
1 1689
1 10944
1 8749
1 136
1 3176
1 4030
1 16231
1 3405
1 11026
1 6064
1 3381
1 5720
1 10824
1 10470
1 14629
1 2897
1 3062
1 2832
1 12305
1 4017
1 8931
1 13846
1 13662
1 6549
1 5762
1 11235
1 4406
1 5034
1 1181
1 13712
1 10469
1 10242
1 3111
1 5436
1 15930
1 13455
1 400
1 6251
1 1356
1 11584
1 6782
1 6282
1 4547
1 3981
1 1277
1 2092
1 13661
1 2107
1 6582
1 963
1 1556
1 12232
1 5213
1 1117
1 250
1 7691
1 11917
1 9994
1 7772
1 14692
1 12180
1 12244
1 2107
1 14951
1 2991
1 4732
1 8762
1 4275
1 4129
1 14768
1 3272
1 3201
1 4094
1 11524
1 7380
1 762
1 11220
1 7043
1 1190
1 17
1 11886
1 3064
1 11505
1 5267
1 6874
1 13014
1 15600
1 7111
1 5945
1 4530
1 4707
1 15600
1 5520
1 16749
1 1136
1 2549
1 7770
1 3888
1 2591
1 1531
1 4124
1 2730
1 200
1 15073
1 845
1 8854
1 4259
1 15244
1 6718
1 17
1 12439
1 5065
1 7344
1 10229
1 2360
1 7133
1 7184
1 5041
1 1983
1 8551
1 724
1 1708
1 922
1 15029
1 10275
1 13722
1 7061
1 7248
1 4606
1 917
1 14396
1 3025
1 7658
1 921
1 15717
1 13719
1 3435
1 5404
1 5664
1 3377
1 4045
1 5811
1 16318
1 9297
1 914
1 8067
1 11433
1 10119
1 5895
1 12743
1 3551
1 9738
1 11195
1 8508
1 3358
1 7563
1 5299
1 12673
1 8905
1 1652
1 2392
1 15761
1 12318
1 893
1 14290
1 3805
1 3162
1 296
1 4978
1 8673
1 6377
1 921
1 8417
1 10665
1 865
1 7349
1 10899
1 14968
1 5152
1 13754
1 28
1 5669
1 5034
1 988
1 2018
1 12889
1 1744
1 1315
1 382
1 226
1 5175
1 15551
1 2920
1 4255
1 13247
1 3313
1 11771
1 12689
1 6091
1 5222
1 1919
1 14751
1 6393
1 3414
1 14634
1 1237
1 443
1 3981
1 9012
1 9181
1 1690
1 1098
1 8495
1 9894
1 14127
1 8879
1 10983
1 11269
1 13592
1 15675
1 2263
1 864
1 8330
1 5123
1 4823
1 385
1 12450
1 6890
1 7673
1 12635
1 11672
1 5077
1 7222
1 7023
1 1920
1 13752
1 5219
1 521
1 6127
1 1727
1 477
1 8600
1 11271
1 1936
1 14607
1 10497
1 8947
1 3885
1 8286
1 6971
1 2904
1 14129
1 342
1 37
1 5762
1 5981
1 11885
1 15053
1 15899
1 12832
1 7481
1 1246
1 16384
1 1264
1 443
1 14915
1 15082
1 6740
1 7707
1 6595
1 3454
1 14193
1 8184
1 8712
1 5720
1 745
1 380
1 4913
1 3434
1 1994
1 7058
1 8123
1 15074
1 9713
1 6351
1 525
1 1495
1 5073
1 15363
1 12294
1 13382
1 8556
1 144
1 9010
1 15040
1 5863
1 13267
1 11367
1 767
1 1751
1 9750
1 11913
1 6727
1 4651
1 4689
1 10170
1 5243
1 4306
1 11518
1 12840
1 1207
1 6006
1 1990
1 16962
1 1122
1 2093
1 9790
1 3302
1 11147
1 3018
1 9354
1 7339
1 6430
1 10830
1 13663
1 15051
1 602
1 1369
1 1113
1 3954
1 2808
1 8429
1 7050
1 12195
1 9088
1 12081
1 1395
1 7135
1 3906
1 8702
1 1891
1 16714
1 221
1 4185
1 9866
1 2772
1 903
1 10176
1 9863
1 2322
1 568
1 8358
1 4139
1 1657
1 16894
1 4768
1 11590
1 1193
1 11829
1 3843
1 28
1 14116
1 2736
1 16257
1 4358
1 10302
1 12398
1 2772
1 2433
1 11038
1 1684
1 4771
1 878
1 2514
1 15531
1 3591
1 5353
1 8860
1 13724
1 5602
1 8255
1 10405
1 2262
1 1920
1 715
1 6931
1 13782
1 2054
1 1754
1 11796
1 3001
1 7675
1 2403
1 7330
1 3752
1 1665
1 3598
1 3407
1 13716
1 6864
1 410
1 1219
1 453
1 2224
1 12743
1 4808
1 9442
1 11292
1 10377
1 477
1 11511
1 3607
1 6562
1 7810
1 1565
1 16255
1 16101
1 477
1 4105
1 5203
1 2357
1 5252
1 5192
1 6276
1 10578
1 13727
1 3091
1 7579
1 12475
1 7872
1 14753
1 7640
1 288
1 12815
1 1459
1 2923
1 9202
1 776
1 3385
1 7120
1 10032
1 14099
1 5175
1 4519
1 1580
1 3445
1 7324
1 10143
1 8897
1 3960
1 15795
1 2235
1 16256
1 775
1 929
1 120
1 2754
1 10848
1 7646
1 4239
1 828
1 2902
1 4620
1 520
1 15113
1 5638
1 10668
1 4027
1 14490
1 13747
1 10744
1 13792
1 2933
1 13669
1 6398
1 11099
1 721
1 11362
1 4379
1 3410
1 1937
1 5954
1 10028
1 5598
1 1246
1 369
1 838
1 16084
1 1629
1 6395
1 6624
1 1715
1 9612
1 2472
1 10463
1 8089
1 14045
1 3579
1 3096
1 6853
1 12108
1 7565
1 15550
1 1716
1 10430
1 15677
1 4470
1 9575
1 9873
1 14202
1 7743
1 14590
1 2153
1 1944
1 5347
1 2377
1 5977
1 845
1 490
1 7589
1 16643
1 4763
1 5578
1 13778
1 2768
1 12376
1 2976
1 5480
1 6765
1 3586
1 328
1 10444
1 4777
1 16897
1 485
1 8238
1 15082
1 9005
1 2523
1 16194
1 1013
1 7516
1 11606
1 1538
1 8912
1 6679
1 10787
1 4780
1 5738
1 14287
1 8635
1 12567
1 1392
1 15753
1 13684
1 3885
1 4977
1 12260
1 9217
1 814
1 3694
1 5372
1 15946
1 10088
1 12322
1 6540
1 647
1 13220
1 1627
1 1613
1 8960
1 16685
1 9059
1 6314
1 3896
1 2735
1 3981
1 9644
1 2461
1 1657
1 13699
1 15239
1 2898
1 6970
1 286
1 1482
1 8358
1 663
1 16045
1 5193
1 6017
1 1408
1 14298
1 13277
1 8791
1 12277
1 3662
1 13381
1 13773
1 1526
1 378
1 2947
1 15692
1 5175
1 6567
1 2472
1 15279
1 8860
1 14145
1 15324
1 8524
1 9994
1 1875
1 10923
1 9734
1 13408
1 4584
1 8273
1 678
1 8944
1 2343
1 5745
1 7998
1 6402
1 8176
1 11567
1 5594
1 53
1 5631
1 7517
1 14957
1 7863
1 12264
1 1506
1 12717
1 8452
1 9392
1 5295
1 418
1 6649
1 2173
1 13006
1 397
1 5292
1 12205
1 8909
1 1562
1 3319
1 767
1 2291
1 15430
1 618
1 2165
1 7149
1 2002
1 12376
1 453
1 13490
1 11203
1 933
1 2226
1 12480
1 3410
1 1115
1 292
1 8257
1 9152
1 1548
1 3530
1 1126
1 1787
1 16368
1 7962
1 2164
1 634
1 8827
1 15445
1 8495
1 7243
1 1645
1 8590
1 9078
1 10204
1 9616
1 13626
1 7549
1 11600
1 1038
1 5179
1 9205
1 9701
1 2032
1 7994
1 11651
1 4534
1 11194
1 9031
1 10772
1 9174
1 6562
1 16045
1 4479
1 2852
1 5789
1 1872
1 11651
1 1256
1 1090
1 11567
1 7517
1 3087
1 4497
1 12638
1 16213
1 9035
1 1690
1 13377
1 369
1 7794
1 666
1 7694
1 1021
1 8800
1 6287
1 4440
1 11637
1 14467
1 709
1 14749
1 3574
1 16154
1 2386
1 11571
1 12520
1 132
1 16887
1 5598
1 5409
1 2166
1 16875
1 2144
1 5120
1 16048
1 13673
1 6956
1 4981
1 1113
1 2146
1 1673
1 13069
1 1539
1 1221
1 4459
1 1381
1 14
1 1444
1 4063
1 6501
1 15309
1 4699
1 4039
1 1342
1 10378
1 2818
1 6084
1 2779
1 8950
1 11527
1 1181
1 7998
1 9406
1 834
1 14585
1 8713
1 8744
1 13222
1 9082
1 15990
1 6609
1 10707
1 8816
1 6104
1 9442
1 11881
1 7106
1 5566
1 1171
1 11871
1 7938
1 11760
1 2296
1 3707
1 4898
1 2738
1 913
1 9392
1 6928
1 4839
1 14797
1 2524
1 12453
1 1090
1 1485
1 2474
1 988
1 1053
1 3961
1 13329
1 1946
1 2529
1 1485
1 927
1 7268
1 13699
1 9724
1 14236
1 15461
1 13448
1 2985
1 400
1 1750
1 5388
1 9472
1 14686
1 7237
1 12453
1 568
1 2201
1 5943
1 12693
1 11602
1 6100
1 4959
1 387
1 7312
1 10911
1 4766
1 13040
1 9023
1 2377
1 10146
1 15945
1 13247
1 10530
1 14871
1 14515
1 5144
1 4181
1 6182
1 14124
1 1839
1 7229
1 8477
1 1910
1 7015
1 5518
1 12088
1 755
1 6540
1 4436
1 8836
1 7512
1 12453
1 1847
1 5902
1 6044
1 845
1 3285
1 4640
1 3201
1 12490
1 1706
1 1626
1 13611
1 9026
1 15852
1 12846
1 7135
1 8406
1 10154
1 3981
1 12205
1 2506
1 12036
1 14658
1 6727
1 8698
1 16431
1 15844
1 16703
1 4689
1 13616
1 4772
1 9094
1 9510
1 9485
1 3595
1 4828
1 11588
1 9433
1 12014
1 1175
1 16214
1 2362
1 8763
1 989
1 7810
1 4041
1 1764
1 1320
1 7384
1 13534
1 2118
1 13695
1 767
1 6316
1 6116
1 6297
1 15868
1 10996
1 12795
1 8184
1 1468
1 14880
1 1745
1 10895
1 4807
1 8533
1 1795
1 7721
1 5565
1 9015
1 1002
1 4262
1 10505
1 15700
1 14737
1 7385
1 9511
1 9596
1 2731
1 2725
1 14616
1 14711
1 11763
1 4894
1 6806
1 13682
1 4303
1 6218
1 7702
1 732
1 4057
1 13078
1 10295
1 2985
1 3500
1 7739
1 6524
1 4766
1 5543
1 1359
1 12760
1 8853
1 563
1 2832
1 11915
1 10663
1 448
1 712
1 1391
1 4360
1 8132
1 14458
1 1507
1 15329
1 4765
1 2321
1 1372
1 13770
1 4729
1 1091
1 876
1 9348
1 16664
1 47
1 1117
1 2003
1 983
1 9767
1 486
1 6440
1 1665
1 2897
1 2138
1 4998
1 1565
1 12847
1 1200
1 16604
1 10756
1 5873
1 3435
1 9972
1 13803
1 6091
1 2255
1 4503
1 13911
1 8074
1 239
1 10233
1 13339
1 11082
1 13786
1 16067
1 16434
1 16435
1 3742
1 6577
1 6659
1 2856
1 1400
1 5991
1 5098
1 1485
1 8502
1 1194
1 6969
1 16311
1 6014
1 7618
1 56
1 13527
1 400
1 12180
1 307
1 12876
1 1750
1 12862
1 8088
1 14426
1 11354
1 6323
1 7957
1 15986
1 10342
1 16535
1 9925
1 444
1 7250
1 2139
1 4261
1 16341
1 14273
1 1565
1 11905
1 4496
1 3233
1 3745
1 9103
1 6156
1 1294
1 1114
1 14581
1 7041
1 13704
1 12049
1 6854
1 14177
1 1991
1 14173
1 8596
1 14755
1 16590
1 5260
1 11258
1 479
1 15702
1 1188
1 5231
1 11675
1 2243
1 8947
1 5570
1 1666
1 6454
1 3919
1 4498
1 12898
1 4971
1 230
1 1028
1 14415
1 13883
1 15098
1 11849
1 13750
1 13501
1 9441
1 1774
1 9885
1 10555
1 10441
1 8040
1 4864
1 8808
1 11671
1 5770
1 13459
1 13672
1 8086
1 5781
1 8237
1 1354
1 12611
1 6613
1 503
1 16140
1 6970
1 7424
1 120
1 888
1 9085
1 5929
1 5786
1 4385
1 2233
1 5613
1 13164
1 15019
1 10987
1 8525
1 2489
1 5298
1 400
1 13676
1 5161
1 3498
1 8253
1 12997
1 17
1 1542
1 1953
1 2347
1 5660
1 10376
1 3833
1 1152
1 6585
1 11538
1 14659
1 3617
1 1944
1 4774
1 4591
1 3961
1 13340
1 12772
1 2024
1 16804
1 3692
1 7781
1 139
1 3835
1 11549
1 9317
1 14825
1 2268
1 4407
1 8142
1 3580
1 326
1 10978
1 4348
1 3584
1 13548
1 642
1 3649
1 12989
1 2871
1 1629
1 477
1 12568
1 8429
1 755
1 2541
1 8764
1 15783
1 12182
1 4950
1 2418
1 13408
1 9052
1 6536
1 5954
1 14770
1 3981
1 1122
1 13004
1 4313
1 14314
1 5129
1 8323
1 12355
1 13680
1 9246
1 13694
1 16089
1 9031
1 2954
1 2225
1 8840
1 8581
1 9160
1 12829
1 5376
1 13902
1 13549
1 15377
1 8425
1 1395
1 1303
1 3856
1 4420
1 4607
1 10398
1 1967
1 10647
1 9141
1 12745
1 16657
1 135
1 2287
1 4693
1 12983
1 7169
1 987
1 4857
1 15693
1 3016
1 16861
1 1797
1 2306
1 12977
1 2588
1 13684
1 250
1 9219
1 14283
1 615
1 2216
1 3568
1 2227
1 2985
1 11208
1 10044
1 1673
1 2574
1 3638
1 4261
1 9474
1 9991
1 9103
1 10671
1 1180
1 15742
1 13754
1 13006
1 10689
1 7272
1 6878
1 12998
1 4050
1 11231
1 2551
1 7922
1 2533
1 15123
1 11843
1 231
1 10884
1 4854
1 16219
1 3471
1 5337
1 3838
1 3050
1 2434
1 16190
1 8855
1 6592
1 1582
1 9959
1 534
1 3762
1 15487
1 11601
1 335
1 6842
1 15131
1 13643
1 6218
1 8792
1 3981
1 13432
1 12413
1 11939
1 2681
1 13759
1 6628
1 3722
1 16045
1 12806
1 4820
1 15216
1 11195
1 9343
1 5921
1 4611
1 10986
1 2164
1 6512
1 3585
1 14205
1 2233
1 9285
1 4241
1 7871
1 4298
1 2255
1 1090
1 4516
1 368
1 3272
1 1126
1 6843
1 3709
1 1803
1 4179
1 1944
1 1440
1 8423
1 5212
1 2001
1 6325
1 477
1 1831
1 4835
1 8663
1 15960
1 12348
1 1142
1 9977
1 14341
1 11914
1 7323
1 16105
1 1189
1 4912
1 1192
1 17
1 16821
1 11183
1 4983
1 13752
1 10871
1 2799
1 4468
1 2159
1 10330
1 1777
1 3720
1 11303
1 13452
1 5632
1 5487
1 7314
1 15503
1 8880
1 4613
1 2449
1 2466
1 3658
1 767
1 2547
1 8348
1 1152
1 1020
1 4469
1 4137
1 3510
1 3175
1 4641
1 15328
1 4921
1 4179
1 8073
1 12392
1 8115
1 2473
1 11248
1 557
1 16390
1 11694
1 2094
1 3724
1 4551
1 7697
1 10503
1 4628
1 9672
1 11027
1 15696
1 8136
1 664
1 13103
1 3255
1 10712
1 8680
1 8034
1 16161
1 15233
1 407
1 126
1 14698
1 2520
1 15267
1 4442
1 226
1 9134
1 16291
1 10856
1 956
1 9392
1 504
1 5098
1 2049
1 1834
1 8036
1 13405
1 8061
1 14737
1 765
1 10836
1 4504
1 716
1 14298
1 11189
1 5413
1 11504
1 2204
1 1016
1 1890
1 16906
1 8517
1 7497
1 14637
1 9996
1 967
1 7214
1 119
1 13895
1 3638
1 2520
1 15911
1 6110
1 1219
1 2366
1 5399
1 6740
1 14808
1 6742
1 13781
1 441
1 8052
1 11842
1 6053
1 11662
1 10347
1 10275
1 7049
1 13340
1 1909
1 8820
1 857
1 16869
1 6255
1 3930
1 781
1 12275
1 12207
1 10675
1 3317
1 685
1 2629
1 14328
1 8249
1 8709
1 12232
1 15421
1 283
1 15768
1 7953
1 16080
1 5269
1 2204
1 1897
1 7493
1 2215
1 10470
1 882
1 13100
1 4125
1 5683
1 6046
1 3667
1 11105
1 4823
1 14791
1 5108
1 501
1 14525
1 485
1 5631
1 1934
1 3218
1 13686
1 10495
1 10562
1 1858
1 9989
1 3842
1 8410
1 1521
1 1897
1 5640
1 4479
1 1038
1 7004
1 1830
1 1216
1 3276
1 259
1 5756
1 12238
1 5135
1 12412
1 10048
1 135
1 13593
1 3639
1 14276
1 3904
1 15944
1 992
1 12687
1 461
1 466
1 11205
1 2433
1 15559
1 994
1 5873
1 10609
1 1261
1 3096
1 669
1 4179
1 1558
1 15875
1 435
1 6228
1 16318
1 16122
1 4438
1 12867
1 10830
1 15784
1 4780
1 7340
1 5910
1 369
1 5600
1 11846
1 816
1 2445
1 158
1 4689
1 474
1 10454
1 9361
1 11458
1 1779
1 3204
1 11073
1 3514
1 3682
1 11554
1 1626
1 2214
1 15523
1 15276
1 13670
1 16706
1 9076
1 319
1 1255
1 6610
1 14946
1 13958
1 2216
1 876
1 1452
1 4630
1 7720
1 2162
1 239
1 6757
1 6122
1 120
1 11588
1 6781
1 1917
1 1159
1 3751
1 10648
1 11067
1 12286
1 5690
1 9058
1 13669
1 9966
1 15539
1 3260
1 546
1 12735
1 15080
1 10019
1 7045
1 10782
1 1199
1 8830
1 16124
1 27
1 15035
1 9156
1 477
1 4690
1 16345
1 3663
1 485
1 14607
1 11081
1 16731
1 11402
1 12991
1 3058
1 9194
1 4094
1 11838
1 7706
1 2024
1 16053
1 13758
1 10432
1 1720
1 7669
1 15739
1 1996
1 468
1 16500
1 2891
1 14718
1 4353
1 14383
1 150
1 3779
1 12256
1 5281
1 2754
1 12925
1 7518
1 8171
1 10345
1 10852
1 12275
1 2914
1 1901
1 10911
1 14893
1 11926
1 4873
1 8606
1 745
1 10254
1 4155
1 4826
1 4636
1 176
1 195
1 2573
1 3056
1 572
1 3484
1 3481
1 16045
1 9597
1 16345
1 15474
1 13283
1 4587
1 9098
1 8838
1 436
1 12971
1 477
1 10735
1 10879
1 1670
1 2240
1 16219
1 926
1 14537
1 13772
1 28
1 7118
1 7004
1 7206
1 1333
1 10878
1 13340
1 5389
1 2352
1 3502
1 3874
1 281
1 1543
1 542
1 4341
1 5822
1 8282
1 9259
1 13752
1 1098
1 7311
1 6799
1 9964
1 15015
1 655
1 9103
1 2109
1 2391
1 3187
1 1900
1 7872
1 8341
1 9045
1 10923
1 1795
1 16768
1 11867
1 7947
1 696
1 6484
1 3573
1 3981
1 845
1 14
1 917
1 14495
1 13696
1 132
1 897
1 5027
1 11186
1 4964
1 1187
1 8158
1 485
1 8648
1 2137
1 647
1 4812
1 1032
1 10622
1 4988
1 9814
1 5945
1 13779
1 548
1 3274
1 12884
1 7139
1 2949
1 6891
1 15590
1 7103
1 15924
1 7325
1 3611
1 6558
1 1203
1 16711
1 11597
1 8421
1 5482
1 1454
1 6126
1 1899
1 3150
1 8831
1 5102
1 16929
1 6286
1 13044
1 6657
1 14196
1 9216
1 5013
1 8859
1 6726
1 14835
1 2221
1 5510
1 3146
1 16072
1 6871
1 14075
1 5034
1 4963
1 5301
1 13562
1 383
1 3908
1 11525
1 11701
1 3136
1 14072
1 2306
1 6925
1 6138
1 13224
1 14414
1 3839
1 15
1 11383
1 14334
1 2378
1 1161
1 14270
1 2633
1 16374
1 5134
1 648
1 10831
1 10478
1 4687
1 9174
1 1249
1 14850
1 1520
1 2339
1 4057
1 2615
1 12046
1 1180
1 16182
1 10818
1 12115
1 6005
1 3671
1 3044
1 1987
1 10232
1 11097
1 12697
1 11856
1 13297
1 14358
1 9783
1 446
1 225
1 8726
1 6749
1 3064
1 15113
1 14416
1 10556
1 14496
1 10277
1 7663
1 10711
1 15325
1 16754
1 11660
1 12951
1 9834
1 10551
1 13332
1 1456
1 1181
1 16716
1 9926
1 6359
1 14848
1 15663
1 11329
1 767
1 9590
1 13545
1 1122
1 2553
1 22
1 15870
1 12412
1 12453
1 10123
1 4336
1 6265
1 14607
1 2596
1 476
1 10150
1 9713
1 12471
1 1203
1 15187
1 13720
1 15185
1 3148
1 11106
1 10977
1 7406
1 1237
1 6431
1 383
1 4676
1 3858
1 1371
1 6134
1 13603
1 15938
1 15267
1 8641
1 14170
1 3857
1 16781
1 3253
1 2946
1 3113
1 9010
1 6833
1 6042
1 12273
1 4510
1 12562
1 15315
1 7763
1 2084
1 10125
1 10173
1 15057
1 3831
1 3828
1 1398
1 6019
1 703
1 1357
1 5467
1 7504
1 5635
1 7104
1 12071
1 956
1 5380
1 102
1 4748
1 13427
1 2489
1 10565
1 13027
1 4725
1 6164
1 1473
1 16974
1 2877
1 11590
1 16627
1 12123
1 11995
1 2865
1 15906
1 10617
1 6252
1 2236
1 4048
1 14311
1 9811
1 3944
1 1770
1 10414
1 15473
1 5403
1 2352
1 4522
1 415
1 7881
1 2856
1 13430
1 12034
1 5267
1 5927
1 4533
1 10619
1 6422
1 2178
1 7831
1 5379
1 125
1 3923
1 4040
1 6192
1 7027
1 8893
1 16473
1 2480
1 12409
1 7763
1 3575
1 11246
1 12745
1 12794
1 3181
1 14635
1 13425
1 3567
1 8500
1 1477
1 9326
1 267
1 201
1 12805
1 6537
1 3122
1 9482
1 874
1 9101
1 16809
1 316
1 15784
1 779
1 1596
1 13138
1 8854
1 9604
1 52
1 14827
1 35
1 8603
1 6723
1 752
1 446
1 1665
1 896
1 15035
1 8542
1 2674
1 10757
1 4946
1 5720
1 2221
1 3908
1 14
1 10984
1 7181
1 948
1 15548
1 4896
1 1721
1 3776
1 13403
1 10632
1 15066
1 1891
1 13391
1 4661
1 11196
1 8444
1 2583
1 3799
1 2803
1 6179
1 6480
1 9566
1 15041
1 478
1 1120
1 2956
1 5758
1 14795
1 16165
1 12158
1 13874
1 12493
1 483
1 1672
1 1053
1 15664
1 13404
1 1209
1 6991
1 11636
1 13883
1 1381
1 7282
1 4082
1 845
1 14566
1 8679
1 7545
1 12823
1 15829
1 2970
1 8076
1 4016
1 6202
1 6883
1 9084
1 3827
1 9833
1 2041
1 4769
1 6513
1 1752
1 13301
1 2921
1 4112
1 5863
1 2814
1 6518
1 16239
1 16321
1 437
1 4435
1 2502
1 11180
1 3072
1 2808
1 7400
1 3882
1 5865
1 14045
1 15709
1 3495
1 4280
1 1233
1 3639
1 4924
1 2350
1 10694
1 8673
1 5940
1 2749
1 9109
1 12642
1 1665
1 540
1 9207
1 397
1 3450
1 13715
1 8246
1 2736
1 7185
1 15741
1 2155
1 14084
1 6393
1 10490
1 8317
1 10824
1 12183
1 13656
1 3582
1 2445
1 4318
1 11318
1 16561
1 5621
1 7423
1 10060
1 11887
1 13860
1 7155
1 1321
1 16542
1 1828
1 1419
1 15704
1 11785
1 4569
1 3185
1 10036
1 921
1 3237
1 15377
1 7874
1 2406
1 4717
1 12525
1 453
1 9463
1 7366
1 16347
1 1974
1 1270
1 2785
1 3775
1 1452
1 1688
1 16499
1 12498
1 3509
1 1938
1 16501
1 8245
1 504
1 2075
1 2691
1 4939
1 2190
1 1181
1 14072
1 8376
1 704
1 8800
1 4127
1 5121
1 1665
1 11754
1 2713
1 14170
1 7477
1 9565
1 14035
1 4693
1 4039
1 1199
1 10817
1 4550
1 14024
1 6485
1 10498
1 523
1 12986
1 11588
1 1045
1 15988
1 1927
1 6042
1 9008
1 1285
1 8991
1 3981
1 7222
1 3901
1 6748
1 4974
1 13482
1 14427
1 1619
1 1246
1 9524
1 2175
1 1440
1 1219
1 2709
1 5959
1 16775
1 13631
1 13979
1 1538
1 5279
1 10026
1 14839
1 13560
1 13667
1 3191
1 1937
1 5179
1 7558
1 6530
1 7865
1 3909
1 9164
1 7821
1 1503
1 11003
1 2189
1 12538
1 12389
1 564
1 4814
1 3432
1 14480
1 14250
1 11567
1 16774
1 3096
1 13655
1 2064
1 9302
1 3854
1 15271
1 10241
1 4748
1 8625
1 9566
1 11303
1 4586
1 7326
1 3293
1 14851
1 44
1 1142
1 9392
1 1974
1 2489
1 8413
1 5753
1 4166
1 11138
1 7240
1 1590
1 1110
1 5025
1 2221
1 16150
1 5711
1 15597
1 3981
1 15521
1 8668
1 808
1 11571
1 2592
1 14380
1 2307
1 12338
1 12264
1 1272
1 1498
1 6791
1 430
1 4122
1 452
1 11225
1 1192
1 12728
1 9491
1 135
1 8418
1 10646
1 1184
1 1380
1 6372
1 12233
1 15670
1 5611
1 879
1 9780
1 9848
1 11760
1 320
1 13859
1 2018
1 3078
1 986
1 16861
1 2970
1 4484
1 5712
1 13702
1 10532
1 6670
1 13698
1 3981
1 8877
1 3019
1 3764
1 954
1 2140
1 9544
1 2770
1 1765
1 13920
1 10890
1 501
1 16682
1 4448
1 3676
1 4924
1 11264
1 7206
1 7761
1 5079
1 535
1 6517
1 6932
1 4594
1 12115
1 4660
1 13481
1 3336
1 10054
1 992
1 15041
1 2391
1 4734
1 1764
1 7363
1 2798
1 12297
1 6050
1 687
1 10990
1 5034
1 10474
1 2887
1 1923
1 7715
1 12830
1 563
1 3315
1 9424
1 5220
1 15366
1 294
1 7629
1 431
1 1213
1 4958
1 1234
1 10483
1 5033
1 13932
1 1200
1 14384
1 4234
1 505
1 775
1 6199
1 8956
1 758
1 7928
1 11128
1 1188
1 3843
1 16105
1 9647
1 1934
1 13356
1 6676
1 7672
1 2433
1 3498
1 6510
1 4750
1 6757
1 15598
1 13308
1 6552
1 4367
1 1475
1 7162
1 1475
1 15423
1 9078
1 11300
1 14134
1 12666
1 10385
1 7073
1 7170
1 14924
1 5021
1 6087
1 11514
1 989
1 3996
1 8310
1 2505
1 11661
1 16202
1 918
1 355
1 12425
1 9443
1 2579
1 1521
1 3915
1 3096
1 469
1 16189
1 2240
1 13662
1 1181
1 6030
1 10087
1 15649
1 1240
1 15209
1 220
1 7289
1 2047
1 7846
1 14180
1 6906
1 2480
1 13311
1 11341
1 4104
1 10864
1 692
1 6965
1 5038
1 2735
1 7758
1 6688
1 5133
1 1200
1 3064
1 6371
1 5174
1 1891
1 10471
1 8199
1 4413
1 5967
1 12470
1 5076
1 3234
1 16550
1 15223
1 14960
1 3291
1 3082
1 2422
1 10697
1 6265
1 12828
1 4257
1 1272
1 12497
1 4236
1 10509
1 3804
1 9103
1 6763
1 12925
1 4500
1 5282
1 2338
1 11484
1 10246
1 6494
1 1323
1 6135
1 7275
1 264
1 16727
1 11688
1 16365
1 12365
1 3842
1 7553
1 11106
1 3394
1 10869
1 631
1 8326
1 135
1 13787
1 9756
1 5186
1 70
1 13702
1 4688
1 8467
1 2477
1 9966
1 11921
1 9768
1 11079
1 14907
1 9622
1 3408
1 12826
1 10296
1 1051
1 15397
1 13718
1 13834
1 2533
1 11984
1 12464
1 2337
1 3179
1 1833
1 1443
1 6858
1 11579
1 7121
1 5592
1 4689
1 10032
1 6430
1 8169
1 5448
1 11138
1 5390
1 12256
1 1255
1 1199
1 9560
1 14920
1 13194
1 5694
1 2923
1 763
1 15115
1 5367
1 1030
1 845
1 4452
1 15109
1 4306
1 8964
1 13118
1 231
1 3244
1 11250
1 13074
1 5040
1 4264
1 12377
1 6647
1 5151
1 3839
1 9936
1 503
1 7054
1 3016
1 761
1 14353
1 4771
1 8540
1 6268
1 14690
1 9103
1 14380
1 12246
1 15865
1 3515
1 546
1 15309
1 9152
1 12933
1 281
1 6518
1 5440
1 15686
1 5950
1 3805
1 5614
1 14626
1 255
1 12464
1 14567
1 6932
1 2312
1 711
1 11666
1 1051
1 9120
1 15327
1 15473
1 13459
1 1677
1 4743
1 4621
1 2184
1 3415
1 1039
1 15360
1 2411
1 2289
1 3981
1 8289
1 10260
1 5399
1 7025
1 13409
1 7811
1 16045
1 1116
1 773
1 15843
1 6739
1 404
1 8311
1 9566
1 9449
1 1969
1 3714
1 14029
1 13265
1 7455
1 1961
1 16105
1 16616
1 5051
1 4461
1 4896
1 4980
1 3585
1 3074
1 16651
1 7025
1 1460
1 3747
1 16921
1 4013
1 5016
1 16294
1 1370
1 2552
1 11940
1 12838
1 13911
1 14236
1 9258
1 3977
1 5280
1 1800
1 3384
1 3495
1 668
1 4568
1 12806
1 13787
1 7959
1 10355
1 4689
1 5799
1 8174
1 366
1 8260
1 9211
1 8192
1 9552
1 2627
1 1136
1 2224
1 3981
1 9610
1 5609
1 9392
1 12896
1 15168
1 2552
1 11098
1 3852
1 4756
1 5097
1 1069
1 9240
1 1145
1 2733
1 15419
1 3347
1 13904
1 11511
1 16494
1 13110
1 752
1 10189
1 13059
1 13363
1 13770
1 15827
1 5907
1 8208
1 8776
1 9164
1 13786
1 2712
1 703
1 1821
1 12905
1 82
1 5578
1 13551
1 756
1 14
1 3013
1 3633
1 16737
1 7806
1 10694
1 4846
1 9128
1 881
1 4018
1 13708
1 925
1 6869
1 13326
1 5267
1 7845
1 5346
1 10600
1 8407
1 7615
1 4738
1 10609
1 4264
1 11369
1 1200
1 14133
1 27
1 8265
1 7141
1 15243
1 4976
1 10124
1 8609
1 8096
1 2231
1 5192
1 10485
1 9895
1 2711
1 154
1 2108
1 3096
1 5966
1 821
1 13027
1 13650
1 11886
1 180
1 9159
1 5861
1 3591
1 4742
1 1739
1 9966
1 16848
1 12463
1 9169
1 5262
1 3886
1 9182
1 3900
1 14992
1 8349
1 3186
1 5346
1 22
1 3582
1 15916
1 14716
1 306
1 5966
1 9164
1 14047
1 9584
1 4137
1 7658
1 3749
1 3582
1 16007
1 9222
1 5011
1 10294
1 1131
1 4856
1 9847
1 6207
1 1763
1 10309
1 7541
1 4843
1 9103
1 2178
1 10899
1 7712
1 6287
1 10672
1 1264
1 901
1 13396
1 5155
1 14350
1 7984
1 12191
1 14965
1 7187
1 4856
1 1613
1 280
1 2127
1 14287
1 11773
1 15218
1 13667
1 3526
1 3008
1 2054
1 11346
1 6055
1 11246
1 16226
1 1220
1 2355
1 7978
1 2477
1 11074
1 13563
1 2071
1 13480
1 8606
1 11203
1 7852
1 4624
1 8975
1 1344
1 4158
1 11320
1 5633
1 4698
1 7341
1 485
1 16689
1 14366
1 16337
1 12237
1 2006
1 6299
1 5078
1 2448
1 2432
1 11264
1 11192
1 13194
1 7687
1 2388
1 4457
1 885
1 3873
1 11326
1 205
1 14742
1 6857
1 28
1 13880
1 684
1 14865
1 5815
1 12054
1 10893
1 5270
1 10665
1 15539
1 3764
1 14893
1 4191
1 13338
1 1832
1 5770
1 12933
1 4828
1 14721
1 14780
1 10301
1 6002
1 281
1 5627
1 13152
1 11170
1 12688
1 13574
1 7440
1 9398
1 1454
1 15809
1 7225
1 9607
1 16084
1 44
1 13057
1 17
1 580
1 12312
1 3877
1 15476
1 8233
1 14607
1 14988
1 7684
1 268
1 8722
1 5851
1 9025
1 4243
1 15816
1 8769
1 9854
1 2678
1 402
1 1405
1 1321
1 8177
1 5821
1 12521
1 4983
1 13662
1 880
1 8036
1 2351
1 9069
1 13661
1 9381
1 5711
1 16134
1 6826
1 9355
1 2194
1 10847
1 2208
1 1439
1 16765
1 1301
1 13543
1 13939
1 11540
1 11004
1 12398
1 11278
1 12529
1 6970
1 16592
1 15319
1 7517
1 5709
1 8408
1 15179
1 3422
1 12322
1 7200
1 2325
1 1469
1 10108
1 16689
1 807
1 703
1 1922
1 9086
1 16696
1 14022
1 12989
1 1100
1 13572
1 6304
1 7694
1 12383
1 15593
1 4822
1 9103
1 7136
1 3096
1 6083
1 16468
1 15278
1 6205
1 9037
1 10766
1 2300
1 11939
1 13688
1 6338
1 11348
1 6194
1 1379
1 8730
1 13839
1 15846
1 9187
1 13561
1 4945
1 5367
1 3751
1 2208
1 13474
1 8956
1 1677
1 478
1 13517
1 16233
1 2107
1 9624
1 16353
1 5615
1 5152
1 2954
1 11147
1 8017
1 13027
1 12961
1 7335
1 12075
1 3282
1 7173
1 3259
1 14935
1 9281
1 15515
1 11978
1 8504
1 421
1 9595
1 6603
1 3733
1 4241
1 2156
1 9385
1 9016
1 9790
1 2636
1 4113
1 1471
1 2832
1 7052
1 1538
1 500
1 16749
1 4729
1 15183
1 5707
1 12617
1 1913
1 8771
1 4212
1 247
1 1303
1 6286
1 15856
1 10993
1 3685
1 3550
1 8255
1 11706
1 8344
1 1616
1 4976
1 8202
1 10352
1 11367
1 13770
1 9626
1 2876
1 10940
1 9815
1 2292
1 47
1 13700
1 638
1 11128
1 13110
1 2832
1 8600
1 7254
1 4856
1 4838
1 4805
1 335
1 11092
1 5963
1 13561
1 13513
1 11984
1 1192
1 8020
1 5879
1 14009
1 14161
1 7920
1 3541
1 6936
1 11338
1 7666
1 4548
1 2532
1 11238
1 5766
1 16037
1 14247
1 795
1 5791
1 774
1 10218
1 797
1 10444
1 1716
1 15512
1 9023
1 15254
1 12986
1 12267
1 4795
1 2364
1 1060
1 6635
1 1156
1 923
1 8198
1 11915
1 100
1 11073
1 1264
1 2707
1 2570
1 12026
1 16
1 13298
1 1598
1 57
1 13105
1 13635
1 1365
1 10390
1 4228
1 15604
1 5753
1 2249
1 9824
1 14808
1 6211
1 7965
1 15413
1 961
1 13163
1 295
1 16021
1 13224
1 2857
1 14435
1 5648
1 10572
1 11541
1 1134
1 7716
1 13443
1 1237
1 8341
1 3453
1 16710
1 3148
1 2903
1 10045
1 6795
1 10190
1 11718
1 9358
1 7235
1 1852
1 7506
1 3615
1 1008
1 3428
1 11977
1 13113
1 4160
1 869
1 16156
1 14607
1 7662
1 16045
1 3038
1 2674
1 1918
1 2734
1 13515
1 17
1 6798
1 1778
1 10378
1 2225
1 2509
1 3598
1 4669
1 14701
1 4678
1 11951
1 13698
1 6971
1 2858
1 9589
1 7192
1 5076
1 9072
1 6017
1 4056
1 13061
1 8709
1 15849
1 16805
1 6270
1 9544
1 6590
1 3496
1 6186
1 3073
1 9415
1 12692
1 999
1 3663
1 935
1 15263
1 14449
1 1003
1 5782
1 5462
1 8780
1 6211
1 4453
1 10848
1 4412
1 3010
1 6257
1 13874
1 5569
1 4492
1 1245
1 705
1 6326
1 8059
1 5419
1 5657
1 4068
1 8727
1 4449
1 14662
1 809
1 2476
1 4465
1 12274
1 10944
1 1159
1 15045
1 6850
1 2992
1 1859
1 1360
1 5260
1 2164
1 13133
1 1450
1 11740
1 7579
1 14834
1 10217
1 6599
1 16638
1 557
1 9400
1 6364
1 832
1 2106
1 1773
1 6799
1 16045
1 16601
1 426
1 10860
1 4039
1 2153
1 9603
1 5207
1 9961
1 3798
1 2337
1 14308
1 11559
1 4358
1 4148
1 4576
1 8263
1 12397
1 4986
1 4704
1 1476
1 1358
1 7999
1 16064
1 1090
1 3123
1 12045
1 15350
1 6099
1 12237
1 2847
1 5674
1 16320
1 9217
1 15277
1 11917
1 2921
1 6484
1 1981
1 14106
1 9946
1 13244
1 16314
1 15276
1 2350
1 12073
1 13876
1 13088
1 13721
1 2112
1 4690
1 6782
1 3981
1 2838
1 2540
1 1479
1 7929
1 4307
1 1303
1 13989
1 9580
1 15029
1 6648
1 3786
1 888
1 1322
1 6569
1 6735
1 8211
1 7969
1 2931
1 10198
1 10390
1 8694
1 408
1 4398
1 16045
1 6458
1 2449
1 1863
1 2653
1 4822
1 1331
1 11565
1 15669
1 7308
1 4681
1 14126
1 15367
1 10254
1 7023
1 9463
1 9155
1 5600
1 10430
1 5737
1 1588
1 6313
1 12004
1 4104
1 9659
1 2174
1 917
1 4800
1 3244
1 12088
1 8608
1 5920
1 1767
1 5000
1 13781
1 11641
1 1035
1 849
1 3098
1 5286
1 11688
1 5230
1 14715
1 8605
1 11643
1 14045
1 4046
1 8649
1 2647
1 16318
1 1411
1 7135
1 13747
1 6641
1 4419
1 9347
1 14737
1 16456
1 12547
1 14632
1 7814
1 10993
1 13876
1 1808
1 5007
1 9103
1 2473
1 2798
1 10489
1 15536
1 2228
1 5073
1 660
1 13716
1 3721
1 9858
1 319
1 1030
1 7618
1 7898
1 5248
1 15742
1 3083
1 14173
1 6790
1 6364
1 1233
1 8752
1 2263
1 1454
1 10839
1 14702
1 1270
1 6795
1 2553
1 15809
1 5215
1 6896
1 906
1 1309
1 3514
1 16413
1 2721
1 417
1 9107
1 9429
1 97
1 2350
1 11060
1 6294
1 1002
1 2155
1 12125
1 2200
1 13717
1 5640
1 1303
1 11812
1 14635
1 11230
1 8900
1 16296
1 15535
1 14410
1 28
1 1209
1 3886
1 8945
1 10524
1 1310
1 9879
1 2479
1 8569
1 7545
1 1154
1 813
1 4080
1 10370
1 3243
1 2768
1 6521
1 10681
1 2304
1 5120
1 9944
1 4607
1 9943
1 12880
1 6484
1 11887
1 4179
1 2322
1 4620
1 13630
1 7133
1 15693
1 5920
1 220
1 8841
1 4310
1 13760
1 3752
1 7873
1 9064
1 16838
1 13323
1 15202
1 3747
1 1384
1 12516
1 6544
1 8766
1 1319
1 5763
1 4069
1 7232
1 12724
1 8064
1 10296
1 15629
1 7177
1 2018
1 4117
1 959
1 989
1 16457
1 3249
1 3478
1 12413
1 15600
1 14549
1 5690
1 12113
1 4135
1 3367
1 371
1 1203
1 1025
1 767
1 11959
1 13911
1 15135
1 7780
1 5738
1 1711
1 13649
1 13005
1 3883
1 11041
1 10742
1 2487
1 9135
1 12287
1 7442
1 10697
1 2230
1 2110
1 8960
1 817
1 172
1 4573
1 13770
1 13862
1 9482
1 4431
1 6663
1 15731
1 6359
1 5546
1 6392
1 12773
1 5842
1 15454
1 4458
1 715
1 11721
1 4888
1 2957
1 12228
1 9392
1 14469
1 9639
1 391
1 15054
1 8750
1 9362
1 2531
1 6344
1 3899
1 14149
1 2935
1 2460
1 739
1 2227
1 2467
1 14995
1 11795
1 2589
1 791
1 1690
1 4436
1 4250
1 1930
1 8753
1 12115
1 14285
1 16946
1 9426
1 1898
1 9207
1 8158
1 5956
1 8639
1 2128
1 2166
1 10601
1 7977
1 5161
1 12616
1 5137
1 409
1 4201
1 445
1 14432
1 12689
1 13773
1 2326
1 929
1 628
1 5034
1 13912
1 11386
1 9165
1 16621
1 2744
1 6147
1 1941
1 582
1 912
1 4798
1 861
1 1052
1 1964
1 7041
1 6166
1 2612
1 398
1 16045
1 8180
1 8813
1 5772
1 6688
1 5431
1 4495
1 2386
1 12331
1 16436
1 28
1 4900
1 109
1 9326
1 4687
1 735
1 12045
1 2
1 9482
1 15111
1 9597
1 5541
1 11594
1 7649
1 87
1 7170
1 13103
1 14559
1 13731
1 7461
1 9191
1 6021
1 871
1 8368
1 11360
1 504
1 4586
1 14033
1 14933
1 14132
1 1551
1 6244
1 10718
1 16678
1 10261
1 6576
1 9890
1 4453
1 5871
1 9043
1 6185
1 10960
1 8624
1 15201
1 11717
1 11140
1 13636
1 1380
1 12998
1 15649
1 6099
1 2653
1 10987
1 3585
1 281
1 3494
1 79
1 14648
1 1809
1 10
1 16319
1 16791
1 5739
1 15531
1 813
1 11050
1 425
1 10918
1 7148
1 610
1 3320
1 8906
1 11830
1 16735
1 4664
1 243
1 12304
1 1873
1 1928
1 4120
1 11931
1 1328
1 16367
1 727
1 3052
1 2433
1 9967
1 1565
1 11806
1 15584
1 8853
1 6868
1 12633
1 906
1 7731
1 13060
1 239
1 14607
1 7662
1 4498
1 5456
1 4414
1 9369
1 2075
1 1979
1 4604
1 6218
1 13675
1 2446
1 14363
1 4677
1 7072
1 12978
1 3947
1 4080
1 12878
1 13128
1 9271
1 17
1 11548
1 10124
1 11855
1 5529
1 9904
1 3949
1 9464
1 3776
1 4358
1 758
1 12453
1 16482
1 9633
1 905
1 3319
1 14745
1 4721
1 5560
1 7838
1 8105
1 11556
1 4695
1 1137
1 8398
1 1141
1 8366
1 10210
1 14334
1 11635
1 2489
1 1927
1 15794
1 477
1 5283
1 6179
1 9543
1 14607
1 11205
1 16838
1 3644
1 1041
1 6188
1 3796
1 10733
1 777
1 6492
1 12509
1 10051
1 6595
1 7205
1 4872
1 4050
1 13638
1 6702
1 13926
1 3517
1 8881
1 4601
1 861
1 4824
1 4364
1 4039
1 5213
1 15832
1 14225
1 4179
1 12979
1 2814
1 5161
1 11764
1 9893
1 3660
1 5287
1 7226
1 106
1 11379
1 8024
1 10388
1 16664
1 12837
1 8556
1 3106
1 3981
1 3013
1 15779
1 8158
1 12772
1 7572
1 12630
1 8001
1 1370
1 2825
1 3732
1 9222
1 1469
1 5120
1 12780
1 1395
1 12393
1 12873
1 2174
1 8162
1 9404
1 1877
1 9361
1 4887
1 3739
1 13943
1 2418
1 2929
1 14571
1 2710
1 6278
1 9271
1 12811
1 1900
1 2428
1 12948
1 7606
1 450
1 9624
1 615
1 8177
1 4613
1 5293
1 4777
1 5402
1 6068
1 5428
1 5108
1 15614
1 15768
1 2327
1 6524
1 11761
1 10676
1 1693
1 3159
1 4914
1 10032
1 16292
1 2168
1 13200
1 14035
1 4173
1 13769
1 16421
1 7427
1 11584
1 12907
1 4749
1 7592
1 1591
1 8683
1 5347
1 13476
1 10349
1 3176
1 11625
1 1401
1 1035
1 16664
1 422
1 14595
1 1669
1 10605
1 7818
1 303
1 6688
1 12377
1 1344
1 3606
1 428
1 7961
1 10046
1 1581
1 13214
1 13951
1 4392
1 13508
1 15815
1 401
1 1690
1 9433
1 5718
1 15736
1 2892
1 3096
1 2697
1 2895
1 4478
1 2697
1 4148
1 14360
1 7348
1 6765
1 5247
1 1168
1 3212
1 9103
1 10121
1 10472
1 7211
1 891
1 9785
1 4488
1 7569
1 5066
1 7915
1 581
1 12234
1 12627
1 11367
1 933
1 11766
1 10282
1 8929
1 7117
1 11514
1 8844
1 1577
1 4526
1 755
1 9328
1 5944
1 6536
1 3191
1 15774
1 706
1 4351
1 14519
1 1178
1 12844
1 1754
1 1949
1 14458
1 6956
1 8733
1 1755
1 2145
1 6479
1 2705
1 1945
1 1917
1 11762
1 2956
1 11470
1 12253
1 3861
1 15098
1 11344
1 9
1 9448
1 13961
1 11767
1 16115
1 1181
1 7463
1 10830
1 5287
1 7597
1 9164
1 164
1 128
1 9398
1 4421
1 9083
1 13406
1 6959
1 6430
1 12487
1 929
1 14956
1 10363
1 6224
1 14210
1 6991
1 16089
1 5797
1 755
1 2201
1 13677
1 13614
1 10743
1 11757
1 1348
1 16117
1 7731
1 2776
1 15857
1 10694
1 11652
1 6009
1 15309
1 8036
1 2797
1 9090
1 4925
1 3082
1 13250
1 9035
1 814
1 4529
1 11585
1 6721
1 9121
1 14868
1 6228
1 14153
1 2467
1 14264
1 8215
1 1256
1 8839
1 2390
1 16252
1 4613
1 16045
1 8980
1 12705
1 28
1 13358
1 8601
1 9823
1 14346
1 1679
1 14339
1 14824
1 3120
1 10415
1 10295
1 14931
1 9247
1 912
1 11026
1 14703
1 4624
1 11839
1 8607
1 3886
1 1485
1 14603
1 1133
1 5120
1 5899
1 3323
1 277
1 11768
1 1313
1 10640
1 15419
1 9342
1 14607
1 10796
1 13437
1 7893
1 4931
1 7004
1 11382
1 3379
1 8337
1 11372
1 11331
1 12984
1 6124
1 6799
1 15255
1 6276
1 16016
1 4461
1 16640
1 15751
1 6167
1 11003
1 6029
1 9110
1 10566
1 9968
1 3707
1 7413
1 13198
1 1192
1 2397
1 3000
1 9422
1 763
1 1430
1 813
1 15797
1 6494
1 10858
1 5616
1 270
1 15648
1 5179
1 15073
1 5503
1 1944
1 2385
1 7270
1 9032
1 2619
1 1122
1 12205
1 10694
1 1665
1 6204
1 3219
1 11868
1 2850
1 4228
1 844
1 10301
1 679
1 13400
1 6030
1 1395
1 1074
1 15407
1 9064
1 3567
1 4199
1 2457
1 1700
1 6653
1 7049
1 7894
1 8739
1 16699
1 843
1 8754
1 7383
1 1456
1 2489
1 14631
1 11493
1 2356
1 7431
1 451
1 775
1 1756
1 5123
1 5565
1 4729
1 16294
1 450
1 3484
1 7905
1 1251
1 1609
1 2594
1 3493
1 11593
1 1665
1 13874
1 10455
1 1785
1 4780
1 10170
1 752
1 4367
1 9103
1 1933
1 68
1 4894
1 1260
1 1149
1 8482
1 6596
1 10605
1 13794
1 1455
1 2839
1 3187
1 12817
1 2288
1 9790
1 881
1 4179
1 2157
1 2992
1 6375
1 3671
1 5568
1 10430
1 11578
1 8760
1 2230
1 7925
1 2336
1 4365
1 4263
1 3523
1 10127
1 12536
1 2732
1 2080
1 5091
1 2492
1 4728
1 1632
1 28
1 774
1 8385
1 8443
1 1483
1 16573
1 9210
1 15007
1 4834
1 2504
1 5611
1 15749
1 4179
1 23
1 2659
1 13498
1 15270
1 1152
1 4258
1 3569
1 5746
1 2377
1 13771
1 10269
1 6867
1 16553
1 9668
1 12498
1 9103
1 13383
1 14618
1 1272
1 3010
1 3067
1 7036
1 16
1 11868
1 11849
1 8448
1 5200
1 10828
1 8705
1 13344
1 6535
1 612
1 16268
1 13105
1 2552
1 10136
1 570
1 7541
1 3603
1 2450
1 6659
1 10028
1 297
1 15171
1 3582
1 8418
1 6366
1 6655
1 28
1 2788
1 16620
1 9768
1 6324
1 4375
1 4475
1 5959
1 2240
1 1539
1 11173
1 12677
1 13443
1 15722
1 11770
1 4020
