0
0
2 300 3016
0
0
3 383 4066 5474
0
0
0
0
0
0
0
0
4 476 2341 4358 4603
1 4836
4 1241 2134 2240 3046
2 4505 5516
0
0
0
0
4 135 1318 1425 4287
4 515 1207 2791 2854
0
0
1 4031
4 1612 3402 3575 5482
3 1169 1703 4980
1 4948
0
0
0
2 1501 5438
0
0
0
0
0
2 551 4221
0
0
1 3647
0
1 895
2 958 1102
1 3952
1 957
0
0
1 5293
0
1 3313
0
0
0
0
1 3093
0
1 540
0
0
3 783 3250 5422
1 2307
0
0
2 1700 3036
1 3133
1 2894
1 291
0
0
0
0
0
2 3183 4107
1 3253
1 865
0
0
0
0
0
0
0
0
0
0
0
0
0
0
0
0
0
0
0
0
0
0
0
0
1 959
1 1049
0
1 2526
0
1 1791
1 664
1 1470
0
0
0
1 245
1 1185
0
0
1 3948
0
0
3 1795 3552 5450
0
0
1 2300
0
1 1554
0
0
0
0
0
1 5500
4 1812 2573 2669 4865
2 725 4747
0
2 750 1187
2 1081 3849
0
1 1370
1 3497
0
0
1 148
0
0
0
1 4458
2 4835 4976
0
1 3082
0
0
1 5420
0
0
0
0
0
1 5295
1 194
0
0
0
0
0
0
1 3944
0
0
0
0
0
1 5140
0
1 3708
0
0
1 2829
0
0
2 1520 3922
0
0
0
0
0
0
0
0
1 3770
0
1 4745
1 5179
0
0
0
0
0
0
0
0
0
0
0
1 3410
0
0
1 4282
0
1 967
1 2414
0
2 287 3247
0
0
0
0
1 4142
0
0
0
1 2754
0
0
0
1 1148
5 1267 2784 4044 4299 4841
0
0
1 1174
1 3547
0
0
1 2311
2 928 4490
2 269 2195
0
0
0
1 1131
0
0
0
1 5238
0
1 45
0
2 2633 3662
0
0
0
1 3188
1 221
0
0
0
0
0
0
0
0
0
1 1804
0
1 3496
0
1 4826
0
1 4960
0
0
1 180
0
0
0
0
1 4061
3 411 1055 2935
0
0
1 1157
1 2846
0
0
1 5507
2 1744 5441
2 2827 3784
0
0
0
2 471 777
1 1450
1 1742
1 4092
1 3516
1 3675
1 3802
0
0
0
1 4847
0
0
1 2169
1 1558
1 3452
1 2339
4 2117 3127 3587 4997
2 94 1557
1 1228
1 534
1 3368
0
0
0
1 1076
1 2513
0
0
2 1373 2684
1 4626
1 3827
0
0
0
0
0
1 5468
2 85 647
0
0
0
1 3239
0
0
4 213 2662 4261 5165
0
0
0
1 499
1 3758
2 2332 2608
0
0
0
0
0
1 1218
1 3540
0
0
0
1 5425
0
0
0
0
0
0
1 244
0
0
0
0
0
0
0
0
1 5261
3 4079 4104 4678
0
0
0
0
0
0
0
0
2 3528 5095
0
1 2939
0
0
0
1 4756
1 4099
0
0
1 1396
0
0
0
0
1 5270
1 4613
0
0
1 2510
0
1 3768
3 1641 1830 3045
0
0
2 3009 3380
0
0
0
2 321 4251
0
0
0
0
0
0
0
0
0
1 2689
0
0
0
0
0
0
0
2 155 4920
0
0
0
0
0
0
1 2664
0
1 825
0
2 4856 4894
1 3221
0
0
0
0
1 347
2 577 3156
3 283 4481 5038
4 409 419 4647 5378
1 3919
2 91 3468
2 630 3895
1 2250
1 3479
0
0
4 1734 2962 3293 5275
0
0
0
0
0
0
0
0
1 5162
0
0
0
1 147
0
0
0
0
0
0
0
1 167
0
2 116 3450
6 1118 2076 2460 4199 5005 5188
2 2796 4186
1 4094
0
0
1 2641
5 612 2348 3776 4379 5093
0
3 2068 4129 4429
1 1354
2 2072 3736
0
1 1052
1 4930
0
0
0
1 491
0
0
0
0
1 393
0
1 814
0
0
0
0
1 4501
1 2806
0
0
0
2 873 4145
0
0
0
1 3898
0
1 2
0
0
3 299 1089 1496
2 3182 4662
0
1 1287
0
0
0
0
0
0
0
0
0
0
1 337
1 5011
0
0
1 820
1 3625
1 3245
0
0
0
0
0
0
0
0
3 1518 3312 3709
0
0
0
0
1 4766
0
0
0
1 433
0
0
2 1544 3145
0
1 4460
0
0
0
1 1019
1 4241
0
1 1800
2 156 3977
0
0
0
0
0
0
0
0
0
0
1 308
1 4637
0
0
0
0
0
0
1 5115
0
1 2351
2 2816 5258
0
0
1 2528
0
1 1600
0
1 2764
0
0
2 2042 3696
0
0
0
0
0
0
0
0
0
0
0
3 2616 4277 5536
0
2 3854 4621
0
0
0
0
2 461 5157
0
0
0
0
0
9 485 702 900 1883 2118 2124 3955 4334 5082
0
0
2 3296 4435
0
0
0
0
0
0
0
0
0
0
1 3406
0
1 1194
1 1725
0
1 1644
1 2932
0
0
0
0
0
0
2 251 3529
3 659 798 5213
1 1779
0
0
0
1 2366
0
0
0
1 3058
0
1 4664
0
0
2 1772 2690
0
1 817
0
1 3171
1 668
0
2 5291 5509
0
2 4929 5547
2 804 1249
0
0
0
0
0
0
1 3503
0
1 5319
1 4962
1 280
1 926
0
0
1 892
0
0
0
0
0
2 4053 4993
0
1 408
1 1083
0
1 2591
1 3392
0
2 923 1685
1 5423
0
0
0
1 1911
0
1 2524
0
1 5521
0
0
1 4879
0
0
2 662 1198
0
0
0
0
0
1 4594
0
0
0
1 4388
0
0
1 2623
0
0
1 2798
0
0
0
1 1353
1 985
5 1534 2260 4087 4195 4367
0
0
0
1 436
0
1 3864
0
0
0
1 3
0
0
0
1 431
2 137 3732
0
0
1 4732
1 587
0
3 682 2592 2986
0
0
0
0
2 3335 4263
2 3306 5453
2 4289 5475
1 1531
0
0
0
0
1 2926
0
0
0
0
1 1652
1 1729
0
0
0
1 4543
0
0
0
0
0
0
0
0
0
1 3935
1 2475
0
0
1 1705
0
1 585
3 809 930 2402
0
2 448 2356
0
2 5079 5498
0
0
2 2192 5412
0
2 1650 2663
0
0
0
2 4343 4720
0
0
0
0
0
0
0
1 2933
0
1 5328
1 518
1 1679
1 3129
0
0
0
1 5146
1 3411
1 3012
0
0
2 759 2726
1 3241
0
4 59 1283 2841 5170
0
0
0
0
0
2 2350 2809
0
0
1 1924
0
0
1 139
0
0
0
0
2 3512 3602
0
0
0
0
0
0
2 785 4363
0
0
0
1 1266
1 1721
1 1121
1 4773
0
0
0
1 1637
0
5 1230 1579 2199 3337 3891
0
1 1134
0
0
0
5 3700 4340 4525 4569 5523
0
0
0
1 5340
0
0
0
2 1161 4317
0
0
0
1 2837
0
1 1214
2 115 1424
0
3 504 2600 3538
1 4635
0
0
1 2461
0
1 4789
0
0
6 1222 1347 1504 2800 2960 5290
0
0
2 63 3028
1 3883
0
3 811 2871 5054
6 20 317 672 1462 2628 4166
0
0
0
0
2 3190 4889
0
0
2 380 5244
1 1745
0
1 2758
0
1 536
0
0
0
1 3916
1 3062
0
0
0
0
1 4438
0
0
1 1123
2 2781 3683
1 1698
0
1 3057
1 3839
2 457 4385
0
0
0
1 3965
0
0
0
1 3832
0
0
0
0
1 2059
0
0
0
0
0
1 1357
1 5449
0
0
0
4 543 1237 1608 2979
0
0
0
0
0
0
2 554 3456
0
0
0
0
0
0
0
1 2061
1 2058
0
1 5138
1 1295
0
0
0
1 1846
1 656
0
1 2757
0
0
0
0
1 3961
0
0
0
3 573 1532 2174
0
0
0
1 2146
0
0
0
2 2363 3178
0
0
0
0
1 1670
2 2925 3413
0
1 407
1 2413
0
0
0
0
1 5133
0
0
0
2 1486 4862
0
0
2 1109 1748
1 2695
0
0
2 3833 4083
2 133 4165
1 758
0
0
1 1404
1 3762
0
1 5329
0
0
1 3381
0
1 4937
1 622
0
0
0
0
0
0
0
1 4568
0
0
0
0
0
0
0
0
0
0
0
1 849
0
1 4462
0
0
0
0
1 247
0
0
0
2 1758 1785
0
0
0
0
0
1 4405
1 340
2 1289 4281
0
0
1 3877
0
0
5 1189 1751 2010 2416 4941
0
1 4328
1 1793
0
0
3 1159 1831 3485
0
0
1 2905
2 1578 3725
2 4609 4738
0
1 2795
1 588
2 2464 2621
1 2167
0
1 4276
0
0
2 3660 4650
0
0
2 10 1026
0
0
0
1 4324
0
5 214 718 2756 4123 4723
1 2657
3 1172 1245 3841
3 1764 2405 4132
1 3259
0
0
1 760
1 4671
0
1 4935
0
0
0
1 640
1 3328
0
0
0
0
0
0
0
1 490
0
1 2364
0
0
2 641 2897
0
1 3980
0
1 4273
0
0
1 3644
0
1 2105
1 2122
1 3993
0
1 1326
0
3 203 2400 3354
1 3418
1 259
2 212 1043
4 16 4325 5287 5461
0
0
3 343 2955 5229
0
1 4752
2 1910 2615
1 3535
0
1 3441
1 2558
2 1143 1707
0
7 1011 1987 2165 2291 2619 2858 3823
3 703 1639 2309
1 3254
0
3 1738 4806 5194
3 233 3073 5199
2 1874 5139
1 4187
0
5 176 450 486 657 3926
0
0
1 5181
0
0
1 546
0
0
0
7 257 801 1330 2819 4480 4546 5542
0
0
1 3004
0
0
1 1103
0
3 217 2427 5114
0
0
2 3573 4304
0
0
0
1 1569
0
1 3199
0
0
0
0
1 3640
0
0
0
1 3596
1 3622
2 1426 2027
0
0
0
0
0
0
1 4715
0
2 456 2160
1 938
0
0
0
0
0
1 1563
0
0
1 4552
1 3399
0
1 95
1 603
0
0
0
0
0
0
0
0
2 3391 4185
0
0
0
2 2385 5246
0
1 4709
1 5046
0
0
1 175
1 1074
0
0
1 2884
1 2997
0
0
0
0
0
0
0
0
0
0
0
0
0
0
2 1966 4047
0
0
0
0
0
0
0
0
2 1281 4089
0
0
0
1 4666
0
0
0
0
0
0
0
1 1708
0
0
0
1 2537
0
0
1 105
1 3455
0
0
0
1 4808
0
0
1 1352
0
0
0
1 5301
0
1 2480
2 71 1151
1 979
0
0
0
1 5501
0
1 4397
0
0
0
0
0
0
0
1 4431
0
0
0
1 4126
1 4833
0
0
1 4497
3 867 2389 2406
0
2 2056 5342
0
0
1 1149
2 2153 2245
0
0
0
0
0
0
0
0
0
1 5320
0
0
0
1 564
0
1 3882
0
0
2 1449 2362
0
0
2 3722 4623
2 1223 5123
0
0
0
0
0
0
0
1 2162
0
1 3797
0
0
0
0
0
0
1 3521
0
1 2328
0
0
0
0
2 1284 2421
0
0
0
0
2 1571 4616
0
0
2 1040 2517
0
0
0
0
0
1 1690
0
1 3115
0
1 3192
0
1 3742
1 3880
1 2660
0
0
1 5324
0
0
1 1374
1 5413
0
1 4415
1 4472
1 3501
1 215
0
0
0
3 776 2089 3459
1 3387
0
0
0
0
0
0
4 177 910 3738 5003
1 1788
1 3731
0
0
0
0
0
1 1176
1 3276
2 4459 5439
1 4345
1 2129
1 2353
1 5480
0
1 1653
0
0
1 3163
0
0
1 5529
0
0
1 4710
1 2991
1 4098
2 2247 3988
0
0
0
0
0
0
0
0
0
0
0
3 2425 4592 5247
0
2 3375 4162
0
1 1555
0
1 1437
0
0
0
0
0
1 3578
0
0
0
0
1 3412
0
0
0
0
0
0
0
0
0
0
0
4 566 3135 4001 5081
1 3421
0
1 319
0
0
1 4572
0
0
0
0
0
1 30
0
1 1993
0
0
1 4019
1 993
1 1724
0
0
1 1868
0
0
0
0
2 2724 5424
0
0
0
0
0
0
0
0
0
0
0
0
1 1799
0
0
0
0
1 4998
1 1022
1 1962
0
0
1 5117
0
1 4904
0
2 727 3557
0
0
0
0
0
1 3110
0
0
0
2 729 2899
1 4167
0
0
0
0
0
1 1850
0
0
0
0
0
0
0
2 1120 2952
0
0
0
0
0
0
0
0
0
0
0
1 5020
0
3 2015 4874 5232
0
0
0
0
0
0
0
0
0
0
0
0
2 901 2984
0
0
0
0
0
0
0
0
0
0
0
1 3933
2 941 4652
2 1253 4046
0
0
0
0
0
0
4 691 2989 3767 4170
0
0
1 3184
1 1413
0
2 1406 4486
0
4 2335 2927 3904 5448
0
0
0
1 2110
0
0
0
1 5363
0
0
0
0
0
0
0
0
2 1829 5428
0
0
1 1191
0
0
0
0
0
1 4697
5 1522 1542 3591 4774 5396
0
0
0
2 3763 4498
0
2 70 2477
0
0
0
1 444
1 2728
2 92 3720
0
0
0
3 1274 1581 4293
0
0
0
1 25
0
0
0
0
0
1 3119
0
1 2306
0
1 1841
0
0
1 731
0
0
0
0
1 3098
1 3347
0
0
0
0
0
0
2 1077 2469
4 465 2271 2349 2515
0
0
0
0
0
0
1 4043
1 1970
0
0
1 2586
0
0
0
0
4 1029 3193 4380 5525
0
0
1 3790
0
0
0
0
0
0
0
1 2571
0
1 3699
1 93
1 4964
0
0
0
0
1 1236
0
0
0
2 1271 2397
0
1 4705
0
1 4499
0
0
3 1672 3945 4233
0
0
0
0
0
0
0
1 3268
1 4939
0
0
0
1 390
1 4418
1 3851
0
2 80 3677
0
1 3781
0
0
1 5226
0
0
0
1 37
0
0
0
0
0
0
0
2 971 5137
0
0
1 2184
1 3011
1 3307
0
2 2713 5303
0
0
1 2618
0
0
1 3017
0
0
1 617
0
0
0
0
0
0
0
0
0
1 1390
0
0
0
0
0
0
2 4434 4855
0
2 2302 4972
1 2966
1 1973
1 109
0
0
1 5358
0
0
0
0
1 3205
0
0
0
0
1 4656
0
0
0
1 4519
1 4436
0
1 77
0
3 2008 2951 3889
0
0
1 4734
1 4764
0
0
0
2 1252 1889
1 2585
2 3701 4015
0
1 1167
0
0
4 371 549 827 3319
0
1 2603
0
2 788 2987
0
1 1947
0
0
0
0
1 1087
2 1401 1694
0
1 4482
1 5177
1 1140
0
0
1 4093
0
1 1513
1 2570
2 2033 2415
0
0
1 1142
2 1016 4378
0
0
0
2 4757 5016
0
0
1 1879
0
1 5380
0
1 2019
0
0
7 1219 2305 2923 3059 4014 4908 5053
0
2 316 4798
0
1 868
0
0
1 558
1 5018
0
0
0
0
0
0
0
0
0
0
0
1 1961
0
0
0
0
1 1964
0
0
0
0
4 310 3262 4761 5062
0
0
1 2676
0
1 4583
2 3374 3565
0
1 1414
0
0
0
0
0
0
0
0
0
1 4027
1 2647
0
2 3235 3728
1 594
0
0
0
0
0
0
0
0
0
0
1 3873
0
1 2352
0
0
0
0
0
0
0
1 964
1 4795
0
0
0
0
0
0
0
0
0
0
0
1 1090
0
3 1769 3887 4022
0
0
1 2674
0
1 4055
1 1058
0
0
0
0
0
2 41 1384
0
0
0
0
0
1 661
0
0
1 210
0
2 3982 4178
1 3632
1 5411
0
0
0
0
0
0
0
0
0
0
0
0
0
0
0
0
0
0
1 190
1 4957
1 1487
1 1177
1 5433
1 1960
0
0
0
0
0
0
0
0
0
0
0
0
1 5056
0
0
1 2431
0
0
0
0
0
0
1 4535
0
0
1 2777
1 2447
0
0
0
0
0
0
0
0
0
2 330 4193
0
0
0
0
0
1 4220
0
0
0
0
1 4893
0
0
1 3321
0
0
0
0
1 2958
0
0
0
1 4076
0
1 4585
0
0
1 4316
0
0
0
0
1 5426
0
0
0
0
0
1 4117
0
2 366 4154
0
0
1 3749
0
1 701
1 1730
3 2079 3846 4159
3 1607 4562 5073
1 3840
0
3 374 1021 4466
0
0
0
0
0
0
1 5096
2 1983 2315
1 3658
0
1 3339
0
1 1942
0
0
0
1 4016
0
0
0
0
0
0
1 3773
0
0
1 3039
0
0
1 4536
1 5253
0
0
2 855 2584
2 3218 5159
0
0
1 4182
0
0
2 355 3842
1 1362
1 3105
0
1 442
3 404 2329 5068
0
0
0
0
3 960 986 3356
1 635
1 3298
0
0
2 1183 4965
1 2336
1 114
0
1 5460
1 3426
1 1892
3 3755 3975 5346
1 2470
2 2534 5446
2 2680 4036
0
0
1 768
9 388 833 834 1784 2379 2648 3353 4542 4617
0
2 644 2678
0
1 2395
0
0
0
0
1 813
0
0
0
0
0
0
2 799 4922
0
2 1915 3342
1 2012
0
3 667 1015 3001
0
0
0
0
1 4718
0
0
1 3824
0
0
0
0
0
0
0
1 1809
0
0
0
0
0
0
0
0
0
0
0
1 3775
0
1 739
2 3506 3645
0
0
0
0
1 88
0
0
2 2325 3103
0
0
0
1 3769
0
0
1 2365
0
1 3172
0
0
0
1 3141
0
0
1 4119
0
0
0
0
1 1427
0
2 3151 4661
2 112 3041
1 4140
0
0
0
0
0
2 3449 4244
1 2579
1 2190
0
0
0
0
2 430 887
1 2940
0
1 98
1 684
0
1 4411
2 507 660
2 56 4424
1 1645
0
0
1 3514
1 2373
1 2856
0
0
0
1 2449
2 2297 4377
1 4590
0
0
1 1188
0
0
2 1646 2026
2 752 5084
0
0
0
0
0
0
0
0
3 951 2220 4347
1 4479
0
0
1 5427
1 5550
0
0
0
1 4825
0
0
1 4851
1 2595
4 3148 3317 5231 5543
2 857 5312
3 620 2797 4689
0
1 819
1 5164
0
0
0
0
1 5355
1 4591
1 3520
0
1 1943
0
1 2317
0
0
1 1979
1 830
0
0
2 384 3237
0
0
1 3635
0
1 2370
0
0
0
1 1677
0
0
0
0
0
0
0
0
0
1 905
0
0
4 1545 2265 3310 3707
0
0
0
0
0
0
1 5149
0
1 3116
0
0
2 4812 5044
1 3044
0
1 1871
2 2005 5418
3 191 4740 5526
1 4786
2 2463 4105
0
0
1 3663
0
2 1591 5395
0
0
2 2248 2895
0
5 79 424 463 903 5376
0
0
0
0
0
0
0
1 1063
0
1 2136
1 1597
1 2088
1 2288
1 9
1 3668
0
0
2 3104 4700
0
1 4006
0
0
0
0
0
0
5 482 876 3332 3682 5477
0
0
0
0
0
0
0
1 4873
0
0
0
0
0
1 3930
0
0
0
0
0
0
0
0
1 332
0
1 1084
0
0
1 3037
0
0
0
1 1616
0
0
0
0
0
0
0
1 1887
2 2342 4308
3 2911 4100 4174
0
0
0
1 4693
1 4238
0
1 1351
0
3 2222 2642 4779
0
0
0
0
0
0
1 1872
0
0
1 2531
0
0
1 1898
1 4362
0
0
0
1 3774
0
0
0
0
0
0
0
0
0
2 2779 4152
0
0
0
1 4311
0
0
1 479
0
0
0
0
0
0
0
2 3326 5497
0
0
0
0
0
0
0
0
1 1567
1 1355
0
0
2 4796 5155
0
0
0
1 1588
0
0
0
0
0
0
1 3712
1 633
0
0
1 4295
1 2929
0
1 5409
0
0
0
0
0
0
2 556 3217
1 2831
1 84
0
0
0
1 3910
0
0
0
0
1 3435
0
0
1 4326
0
0
0
0
0
0
0
0
0
0
0
0
0
0
0
0
0
2 5201 5520
0
0
0
2 1407 5193
0
0
0
0
0
0
1 3304
0
0
1 4868
0
0
0
0
0
0
0
0
0
1 3027
1 2148
0
1 2243
0
0
0
0
0
1 1305
1 4989
0
2 134 931
0
3 229 5161 5404
0
0
0
0
0
0
0
0
0
0
0
0
0
0
0
0
0
1 3448
0
2 4059 4444
0
0
0
1 478
0
1 5470
0
0
1 2164
1 17
0
1 4063
0
1 5356
0
0
0
0
0
0
0
0
1 1880
0
0
0
0
0
0
0
1 3805
0
0
0
0
0
0
0
0
1 1314
0
0
0
0
0
0
1 1583
0
0
0
0
0
0
2 1747 3735
1 3081
0
2 1602 3430
0
0
2 1258 4256
0
0
0
1 5078
1 438
0
1 3964
0
0
1 1843
0
0
1 2114
0
0
0
2 1082 2080
1 557
0
1 4634
1 4944
4 97 2376 2722 5539
1 616
0
0
0
3 2748 3791 4338
0
0
2 3710 3956
0
0
0
0
0
0
0
0
0
1 3619
0
0
0
0
0
0
0
0
2 879 2388
1 734
1 5334
0
0
0
0
0
0
0
0
0
0
0
0
0
1 124
0
0
1 5445
0
1 4108
0
0
0
1 4870
0
0
0
0
0
1 681
0
1 5493
0
0
1 2604
1 4809
1 4386
0
1 2490
0
0
1 5106
1 3866
0
1 2772
1 4755
0
0
1 1533
0
0
0
0
0
0
2 2281 3534
1 2790
1 2399
2 2886 4471
0
2 568 917
0
1 5410
1 765
0
2 451 1365
0
0
0
1 1660
0
2 1091 2844
1 2002
2 1392 1893
0
0
2 524 4034
2 1629 5049
1 1342
0
2 164 523
2 882 3396
0
1 885
0
0
1 4033
0
0
0
1 918
1 2985
2 688 690
1 4476
1 1333
0
1 2683
0
1 2103
0
0
1 5235
0
1 4477
1 1038
0
1 1408
0
0
1 3638
0
0
0
1 1573
0
1 2374
0
0
0
0
0
0
1 1826
0
0
0
0
1 3469
0
0
0
1 4646
0
0
2 3176 5218
0
1 1497
0
0
0
0
0
0
0
1 5242
0
1 4259
1 3597
0
0
0
0
1 4516
1 2563
0
0
1 2847
1 3892
0
0
0
2 3987 4843
0
1 1881
1 2000
0
0
1 1839
0
0
1 4441
0
0
1 5337
1 2823
0
1 2237
1 3967
0
1 2708
0
0
1 3703
0
0
0
3 774 5058 5315
0
0
0
0
0
0
0
2 1440 2318
0
0
0
0
0
0
1 4454
0
0
0
0
0
0
0
0
0
1 1268
0
0
0
0
1 1115
1 866
0
0
1 3362
1 4673
0
1 940
1 4909
0
0
0
4 241 1969 3232 3585
0
0
0
0
0
0
3 2735 4848 5365
0
1 1244
1 4249
2 320 2438
1 4970
0
0
0
1 5131
0
0
0
1 3817
0
0
0
0
1 4026
2 1625 3992
0
0
0
0
0
0
0
0
2 108 2100
1 3440
0
1 5202
1 170
1 5021
1 4777
1 1152
0
0
0
0
1 3803
0
0
0
1 963
0
0
2 3998 5382
1 4840
0
0
0
0
1 1110
1 5221
0
0
1 1593
1 2168
0
1 4213
0
1 4947
0
0
1 2815
0
0
2 724 2417
0
0
0
0
1 3801
0
1 1423
0
1 2541
0
0
0
0
0
0
0
0
0
0
0
0
1 3234
0
0
0
1 5061
0
0
0
0
0
0
1 1903
0
1 5316
1 5241
0
0
0
1 5127
0
1 3330
1 5414
0
0
0
0
0
0
1 3507
0
0
1 4872
0
0
2 34 810
0
0
0
2 1460 3091
1 1381
1 1780
0
0
0
2 2898 4832
0
0
0
0
0
0
0
0
0
0
0
0
0
0
1 2411
0
0
0
0
0
1 47
1 21
0
0
0
0
0
0
0
1 2778
0
0
0
0
0
1 2942
0
1 663
1 36
1 4160
1 795
0
1 2938
0
0
0
0
0
0
0
1 1819
0
0
0
0
0
0
0
1 1397
0
0
0
2 392 2212
0
3 1270 3195 4783
0
0
1 669
0
2 2159 2739
0
0
0
0
0
0
0
1 1032
1 4391
1 400
2 2127 4899
0
1 2869
0
0
0
0
0
0
0
1 1468
1 3672
1 2945
2 4288 5257
0
0
0
0
0
1 454
2 989 2046
2 666 5031
0
0
0
0
0
1 5255
1 838
0
2 1395 3697
1 3624
0
0
0
0
0
1 4271
1 4906
0
0
1 1634
0
0
1 2705
1 522
0
2 1393 2287
0
0
0
0
0
1 1709
0
0
1 5008
0
0
0
0
2 1864 3226
1 4264
0
1 3492
0
0
0
0
1 934
0
1 800
0
0
0
0
0
0
0
0
1 1302
0
0
0
0
0
0
0
0
1 183
0
0
0
1 3518
0
0
0
0
0
0
0
0
0
1 1290
0
0
0
0
1 4410
0
0
1 2544
0
0
0
0
0
0
0
2 927 999
0
1 735
0
1 1196
0
0
0
0
0
1 1699
0
0
0
0
0
1 4173
0
0
0
0
0
0
0
0
0
0
0
0
0
1 410
0
1 4967
0
0
1 107
0
0
0
0
0
0
0
0
0
1 1363
0
0
0
1 4035
0
0
0
0
1 1057
0
0
0
1 3705
0
0
1 4762
0
1 1248
0
0
2 1379 4551
0
0
0
0
0
0
0
1 2863
1 2906
0
1 2703
0
1 1457
0
0
0
0
2 50 1094
1 4456
0
4 489 3287 3853 4771
0
0
0
0
0
0
0
0
0
0
1 2804
0
1 1467
1 899
1 2825
0
4 3404 3825 4400 4524
0
1 2855
1 4938
0
0
0
3 2219 2227 2812
0
0
0
0
0
1 700
0
0
0
0
0
1 2514
0
0
1 286
0
1 1975
1 1949
0
0
0
1 3924
0
0
0
0
0
0
1 4056
0
1 5065
0
0
0
0
0
1 3780
1 3471
1 1105
0
0
0
0
0
0
0
0
1 1386
0
0
0
0
0
0
0
1 1475
0
0
0
1 370
0
0
0
1 3472
0
0
2 3256 4284
0
0
1 5371
0
1 1807
0
1 3078
0
0
0
1 1008
1 3490
3 2632 3960 5531
0
1 5379
0
0
0
0
1 4120
0
3 2599 3715 3999
1 4302
0
0
1 997
0
1 4816
0
1 1789
0
2 2132 2572
0
0
0
0
0
1 4113
1 624
1 2036
0
0
1 1890
0
0
1 764
0
0
0
0
0
1 2407
0
0
0
0
1 396
1 12
0
0
0
2 2283 4318
1 3605
1 1986
0
0
1 1446
0
2 279 5386
2 1312 2805
0
0
0
0
0
0
0
0
0
0
0
0
0
1 5132
0
1 3941
0
0
0
0
2 331 5430
0
0
0
0
1 3478
1 29
1 2627
0
0
0
2 2116 4427
0
0
1 520
0
0
0
0
0
0
0
0
0
0
0
0
0
0
0
2 3372 4412
0
0
0
1 3670
0
0
0
0
0
0
1 3315
1 3669
0
0
0
0
0
1 2284
1 4370
0
0
1 4502
0
0
0
1 3718
0
0
0
0
0
0
1 741
0
0
2 351 3788
0
0
0
1 2209
1 2545
0
0
0
0
0
0
1 4139
1 3549
0
0
0
0
0
1 1917
0
1 2501
0
0
1 1412
1 2459
2 909 4369
0
0
0
0
0
0
0
1 4839
1 736
2 211 4711
1 3859
0
1 2601
0
1 3458
0
1 4419
0
1 301
0
0
0
2 1291 1479
0
1 5224
1 589
0
0
0
1 2937
2 218 4573
0
0
0
0
0
0
1 459
0
1 5354
0
0
0
0
1 1428
0
0
0
0
0
0
0
0
0
0
2 43 3050
0
1 1439
1 3772
1 3291
0
0
0
0
0
0
1 3783
0
0
0
0
0
1 726
0
0
0
1 501
0
0
0
1 4086
0
0
0
0
0
3 260 2629 3816
1 5530
0
1 3653
1 2610
0
0
1 432
1 3482
0
0
0
1 3491
0
0
0
0
0
0
0
0
0
0
0
0
0
0
0
0
0
0
0
0
0
1 208
0
1 2813
0
1 955
0
0
0
0
0
0
0
1 3808
0
1 2975
0
0
0
0
0
0
0
0
1 1371
0
0
2 3309 5458
0
0
0
1 720
0
1 2140
1 249
1 3432
0
0
0
0
1 3072
0
1 519
0
0
0
0
2 367 2249
2 2355 3255
2 99 1823
0
0
0
1 2743
2 920 2158
0
0
0
1 1114
0
0
0
0
0
1 3077
2 2492 4291
0
0
1 2442
0
1 4910
0
0
0
0
0
1 4313
0
0
0
1 2213
0
0
2 3609 3920
0
0
2 1448 3067
1 1054
0
1 2234
0
0
0
0
0
0
0
0
2 265 3757
0
0
0
0
1 1085
0
0
0
0
0
14 592 1130 2326 2907 3013 3109 3271 3885 3894 4005 4550 4950 5167 5436
0
0
0
1 4102
0
1 4413
0
0
0
0
0
0
0
0
1 5388
0
0
1 3244
0
1 3957
1 2696
0
0
1 2649
0
0
0
0
0
1 2527
0
0
0
1 921
0
0
1 2959
0
2 733 2004
0
0
0
1 4017
1 453
0
1 2832
0
0
1 1832
0
1 2210
1 582
0
0
1 2099
1 1066
0
0
1 1498
0
1 3000
0
0
0
0
0
1 1521
0
1 4913
1 4350
0
1 2910
0
0
0
0
1 5182
0
0
0
0
0
0
0
0
0
1 2994
5 3804 4746 4753 5192 5383
0
0
1 2996
0
0
0
1 1320
1 2473
0
0
1 405
1 4021
0
0
0
0
1 4212
0
0
1 521
0
0
0
1 4892
1 2919
1 4645
0
0
1 4567
0
0
0
0
0
0
2 1485 4392
0
1 3844
0
0
1 3277
0
1 3215
0
0
0
0
1 881
0
1 3857
2 1782 2530
0
1 1995
0
2 1178 2981
0
1 1165
1 2747
1 1549
0
3 1968 2785 4823
0
1 1610
2 2011 4196
2 2643 3785
1 3026
1 5063
3 2872 2999 3990
0
0
0
0
0
0
0
1 2096
0
0
0
0
0
1 2665
0
1 2775
0
0
1 3008
0
0
0
0
0
0
0
0
0
0
1 3704
0
0
0
1 2303
0
0
0
0
1 4633
0
0
5 683 3079 3386 3811 5467
0
0
0
0
2 762 4009
0
0
0
0
0
0
1 3835
0
0
0
1 3366
0
0
0
3 1132 1671 4310
0
1 4818
2 72 1755
0
0
0
0
0
0
0
0
1 2290
0
0
0
0
0
0
0
0
1 4183
0
0
1 2982
0
0
1 2523
0
1 4321
0
0
0
0
0
0
0
0
0
2 3753 3852
0
1 949
0
0
0
0
0
0
2 1018 1072
1 2879
0
0
0
2 3630 4074
0
0
1 1195
0
1 2130
0
0
0
0
0
0
2 2471 3905
0
0
0
0
1 2567
0
0
0
0
0
0
0
1 443
0
1 2382
0
0
0
0
0
1 3527
2 4515 5306
0
0
1 3544
0
3 449 1180 2106
0
0
0
0
0
0
1 4979
0
0
0
0
0
0
0
1 2557
0
0
0
0
2 852 2426
0
2 2583 3359
0
1 1664
0
0
3 481 3264 3934
0
0
0
0
1 1803
0
0
0
1 5314
0
1 4684
0
0
0
0
0
0
0
0
0
0
0
0
0
0
1 1651
0
0
0
1 4642
1 5033
0
1 2890
0
1 2536
0
0
0
1 835
1 1954
1 3717
0
0
0
0
0
0
0
3 399 1466 4728
0
0
0
0
0
1 3225
0
0
0
0
1 2508
0
0
2 516 4422
0
1 4724
0
0
0
0
0
0
0
0
1 1356
2 1814 4492
0
0
0
1 1822
0
0
0
0
0
0
0
0
3 26 1827 2783
0
0
1 3071
0
0
0
0
0
0
0
0
1 3222
0
0
2 100 4932
0
0
0
0
0
0
1 4559
1 3570
0
0
0
0
0
0
1 1937
1 2746
0
0
1 1802
2 4275 4770
0
2 1599 4172
0
0
1 123
1 2653
0
0
2 5252 5465
0
1 1539
0
0
0
0
0
2 2851 4375
1 1327
0
0
2 3641 4576
1 4837
0
0
0
0
2 1442 1560
0
0
0
0
0
0
2 2451 5541
0
0
2 2596 5163
1 3949
0
0
0
1 5006
2 1753 4487
0
0
1 975
0
0
0
0
1 1900
0
1 1116
0
0
0
2 2166 4765
0
0
0
1 2957
1 2085
1 948
0
0
0
1 4933
2 2830 3033
0
0
0
0
0
0
1 4483
0
0
0
1 2677
0
0
0
1 1716
0
2 1712 3447
1 2737
1 1659
0
0
0
0
2 812 5207
3 3236 4232 5286
2 2445 4262
0
0
0
0
2 559 2071
0
0
0
0
0
0
1 2873
0
0
0
1 2485
0
1 794
0
1 261
0
1 1950
0
0
0
0
0
0
0
0
0
0
0
0
0
2 1080 2673
1 4052
0
1 3530
0
0
1 3166
1 1059
0
1 1208
0
0
1 5268
0
1 89
2 1647 5309
0
1 5183
0
0
0
0
0
0
0
0
1 5274
0
0
0
0
0
0
0
0
0
0
0
0
0
0
0
0
1 1139
1 962
0
0
0
0
0
0
0
0
0
0
1 5189
1 687
1 4202
0
1 2692
0
2 4588 5007
0
0
0
1 4522
0
1 52
0
4 902 2052 3397 3561
0
0
0
0
1 3333
0
0
2 4624 5122
3 1726 4101 4636
0
2 1656 2803
0
0
0
1 2157
0
0
2 445 4511
1 4110
0
0
1 4679
3 2468 2547 3154
0
0
0
1 5336
0
0
0
2 102 1483
0
0
3 4133 4587 5464
1 5204
0
0
0
1 2698
0
0
0
0
0
1 2337
0
1 1515
0
1 1382
0
0
0
0
0
1 5518
0
0
0
0
0
0
2 360 2691
0
0
0
0
0
0
0
0
0
0
1 1740
0
0
0
1 2267
1 943
1 196
0
0
0
0
1 220
0
0
0
0
3 3713 4226 5416
0
1 2137
0
1 1633
1 719
2 2241 2433
2 119 1796
0
1 4912
0
1 5483
0
0
0
0
0
1 3400
1 3688
0
1 1609
0
1 3546
1 5086
0
1 5225
1 3743
0
0
1 1818
1 5485
0
1 1561
0
0
0
0
0
0
1 4312
0
1 2824
0
1 848
0
0
0
2 354 5088
2 2310 4534
0
0
2 906 3048
2 2334 4956
0
0
0
0
1 5234
0
1 674
1 1833
0
2 96 4290
1 2045
0
0
1 4540
0
0
0
1 1126
2 629 4564
0
0
1 3286
1 595
0
0
0
3 4141 4864 4896
0
0
1 2963
2 2295 4654
0
0
0
0
3 1786 2617 4103
0
1 742
2 270 4643
0
1 4157
0
1 144
0
0
0
1 1013
0
0
0
0
0
1 5208
0
0
1 1429
1 161
2 946 3656
0
0
0
0
0
0
1 844
0
0
1 171
0
0
1 2833
0
0
1 826
0
2 1348 1894
0
1 4224
0
0
1 8
0
0
0
2 608 4760
0
0
0
0
1 961
0
0
0
0
0
0
0
0
4 207 1045 2422 2885
0
0
0
0
0
0
0
0
0
0
0
1 5350
0
1 3519
2 2048 4144
0
0
0
0
0
0
0
0
0
0
0
0
0
0
0
0
1 1280
2 3214 3747
1 5111
1 2578
1 922
0
0
0
0
0
0
0
0
1 2478
1 3548
0
0
1 4580
0
0
0
0
1 5273
0
0
0
2 435 2301
1 3308
0
1 791
2 2065 4521
0
0
2 3648 4694
3 1510 4179 4921
1 565
0
0
1 4266
0
2 293 3729
0
0
1 5125
0
0
0
1 3322
0
1 5083
0
0
0
0
0
0
0
2 1256 2792
2 4225 4641
0
0
0
0
0
1 1654
0
2 1246 2280
0
0
0
0
3 932 2861 5472
1 3269
0
0
1 4725
0
0
0
0
1 3228
0
0
0
0
0
1 2488
0
0
0
3 2246 3443 3498
0
0
1 202
0
0
1 2548
1 2539
1 2516
1 3963
0
1 4504
0
1 1184
0
0
0
0
0
1 1834
0
0
0
1 3414
0
0
0
0
0
0
0
0
3 350 2644 3618
0
0
0
1 3604
0
1 4513
0
0
0
0
0
1 4940
0
0
0
2 368 5064
0
1 2286
0
0
0
0
0
1 1242
0
0
0
0
0
0
0
1 4575
2 3130 4531
0
0
0
0
0
1 1720
0
0
0
1 1095
1 4029
0
0
0
1 2358
0
0
0
0
0
2 189 3979
0
0
0
0
0
1 3943
0
1 2102
1 3087
0
1 2218
0
0
0
0
0
0
0
1 713
1 4811
1 2607
0
1 2098
0
0
0
0
0
0
0
0
1 4866
0
0
0
0
0
0
0
0
0
0
0
0
0
0
0
0
0
0
2 3069 3216
1 363
0
1 3284
0
0
0
0
0
0
0
0
0
2 678 4463
0
0
1 590
1 4975
0
0
0
0
2 256 907
0
0
1 4729
0
2 23 854
2 1209 3311
1 4423
0
0
0
0
0
0
0
0
1 1766
0
0
0
1 711
0
1 1727
0
1 378
0
1 1122
0
0
0
0
1 1500
0
1 3181
0
0
0
0
1 1445
0
0
0
1 529
0
0
0
2 82 4416
1 4597
0
0
1 219
0
0
0
0
0
0
0
0
0
0
1 1586
1 4782
1 3836
0
0
0
0
0
1 4214
1 1926
1 4002
0
0
0
0
0
1 740
0
0
0
0
0
0
0
0
0
1 807
1 4242
0
0
0
0
0
0
0
1 5452
0
0
1 339
0
0
1 4192
0
2 417 3706
0
4 828 3637 4566 5186
1 953
0
1 3063
0
0
1 780
1 2261
0
0
0
0
0
0
0
0
0
0
0
0
0
0
1 1686
1 2107
0
1 1472
0
0
0
0
0
0
0
0
1 1234
1 805
0
0
1 3508
1 3856
0
2 76 4797
1 1816
0
0
0
2 414 4858
0
0
1 2331
0
0
0
0
0
0
0
0
0
0
0
0
1 3096
1 205
0
0
1 847
1 4320
0
1 2233
0
0
0
0
0
1 2913
0
0
0
3 714 3324 4615
1 1592
0
0
0
0
1 3588
1 5002
0
0
0
1 1255
1 2912
0
1 5333
0
0
0
0
0
0
0
0
0
0
0
0
0
0
0
1 4407
0
0
0
1 3053
0
0
0
0
0
0
0
0
0
0
1 2069
0
0
0
0
0
0
0
1 3779
0
0
2 894 2239
0
1 2141
1 1854
0
0
0
0
0
1 1430
0
0
0
1 4810
0
0
0
0
0
0
0
0
2 2403 3056
0
0
0
0
1 1606
0
0
0
0
0
0
0
1 1111
0
1 4790
1 4994
0
0
0
0
0
0
0
0
1 773
0
2 1321 3554
0
0
0
0
2 4278 4954
2 3723 4763
1 2279
0
0
0
1 5076
0
0
1 4122
0
0
1 2383
0
0
0
0
0
1 4495
0
1 4958
0
0
0
0
0
0
0
0
1 1073
0
1 2454
0
1 675
0
0
0
0
0
1 2372
0
0
0
0
0
0
0
0
1 2055
0
1 3273
0
0
0
0
1 1277
0
1 738
0
1 422
0
0
0
0
2 1888 5313
0
0
0
0
0
0
0
0
1 4817
0
1 2060
0
1 3194
0
0
0
0
0
0
0
2 2292 5546
0
0
1 4813
0
0
0
2 5 1971
0
2 87 3551
0
0
0
0
0
0
1 4307
0
0
0
0
0
1 1587
0
1 1863
1 601
0
1 1508
1 5463
1 5047
1 3794
0
0
1 3812
0
1 4057
0
1 2202
0
1 4942
1 4702
0
0
2 550 1331
1 4918
0
0
1 755
0
0
1 3272
1 3242
0
1 2119
0
1 541
0
1 3800
0
0
0
0
0
0
0
0
0
2 671 5185
0
3 3220 4744 4992
0
0
0
1 1199
1 3049
0
1 39
0
0
2 3367 4905
0
0
0
0
0
1 5364
1 2453
0
1 1706
0
0
0
0
0
1 2602
0
1 2687
1 3476
1 243
0
0
0
0
0
0
1 3921
0
0
0
0
0
1 3159
0
1 3174
1 1714
0
2 1206 4428
0
0
0
0
1 3558
0
0
0
0
1 5432
0
0
0
0
1 5085
1 655
0
0
0
0
0
0
0
0
0
0
0
0
0
1 3207
1 3912
0
3 174 2401 2707
0
1 5141
0
1 580
0
2 789 2197
0
0
0
1 2409
0
1 1145
0
0
0
1 3951
1 4228
0
1 2745
0
1 1514
0
1 5027
0
0
1 4716
0
1 1669
0
2 477 4457
2 1648 2017
0
1 2338
1 1906
0
0
0
0
0
0
1 808
1 1662
0
1 2840
1 2638
0
0
0
0
0
1 2518
2 3453 4523
0
2 2035 3467
0
0
1 3473
0
0
1 348
0
0
1 1946
0
0
0
1 3730
1 4
0
1 4876
0
0
1 2145
0
0
1 4054
1 4578
0
0
0
0
1 525
2 1031 3580
0
0
0
0
0
0
0
0
1 3576
0
1 1435
0
0
0
0
0
1 1824
0
1 2782
0
0
0
0
1 5251
1 3826
0
1 2880
0
0
0
0
1 508
0
0
0
0
0
0
0
0
2 916 2392
1 3117
0
0
0
0
0
1 4235
0
2 696 5421
0
0
1 883
1 5206
0
1 3305
0
0
0
0
0
0
0
0
0
0
0
0
0
0
0
0
0
0
0
1 1737
0
1 511
1 5406
0
2 2041 2731
1 1065
0
0
0
0
0
0
0
1 1552
0
0
1 2631
0
0
0
0
0
0
2 2179 4630
0
0
0
0
0
0
0
0
0
0
0
0
0
0
0
0
0
1 1566
0
0
0
2 1723 2763
0
0
0
2 2377 4300
0
0
0
0
1 3436
1 5074
0
1 3870
1 1584
0
0
0
1 1945
0
0
0
1 4946
0
2 2282 4336
4 705 2230 4260 5545
1 772
0
0
0
0
0
0
1 3090
0
0
0
1 4461
0
0
0
0
1 4819
0
0
0
1 3283
0
1 4470
0
1 4280
1 1155
0
0
1 4778
0
0
0
0
0
0
0
0
0
0
1 1000
0
0
1 3417
0
0
0
2 3209 3925
0
0
1 884
2 756 1125
0
0
0
2 851 2354
0
0
0
0
1 665
0
0
0
0
0
0
1 2941
1 4194
0
0
0
1 533
0
0
2 18 3486
0
0
0
0
0
0
0
0
1 248
1 2750
0
0
1 1801
0
0
0
1 4200
0
0
2 2108 2429
0
1 4675
0
1 282
1 5009
0
1 1048
1 730
1 2081
0
0
0
1 1108
0
0
0
0
0
0
0
0
0
0
0
0
0
2 4051 5398
1 271
0
0
1 397
0
0
0
0
0
0
1 5042
0
0
0
0
0
0
1 495
0
1 4663
1 3118
2 1319 1343
0
1 2896
0
1 3454
0
0
0
0
0
0
0
0
0
0
0
0
0
0
0
1 2404
1 193
0
0
1 2752
0
1 3113
0
2 4137 4373
0
0
0
1 3345
1 4733
0
0
0
0
1 4849
0
1 1024
0
0
1 2857
0
0
0
2 604 1643
0
0
0
0
1 4527
0
1 1994
0
1 716
0
0
0
1 779
0
1 2697
0
1 3843
0
0
0
0
0
0
2 3325 5034
0
0
0
0
1 1243
0
0
0
1 636
1 1376
0
0
0
0
0
1 4039
1 1137
0
0
0
0
0
0
0
0
0
0
0
0
0
0
2 3106 3437
1 3149
1 5535
0
0
0
0
0
0
0
0
1 2699
0
0
0
2 2606 3633
0
0
0
0
0
0
3 2343 2507 2566
2 162 4560
0
0
0
0
1 3875
0
0
1 1433
0
1 2255
0
1 68
0
0
0
0
0
0
1 358
0
1 609
0
0
0
0
0
0
0
4 803 1638 1655 4681
0
0
0
0
0
1 761
0
0
0
0
0
0
0
0
0
0
0
0
1 3289
0
0
0
0
1 236
0
0
0
0
0
0
1 4040
0
0
0
0
1 5230
0
0
1 1453
2 2864 3796
1 1875
1 544
0
0
0
0
1 5310
3 1538 3460 3971
0
0
0
1 4639
1 1711
0
2 1556 2661
0
0
1 3751
0
0
0
1 1316
1 3340
0
0
0
0
1 2810
1 4859
1 3285
0
1 1821
0
0
0
1 631
0
1 1005
0
0
0
1 1405
2 3487 5191
0
0
1 4915
0
1 3513
0
1 2626
0
0
1 1186
0
0
0
0
1 2773
1 4239
1 2003
0
0
1 1577
0
0
1 1604
1 2423
0
0
0
0
0
0
0
1 3981
0
0
0
0
1 3139
0
1 5030
0
1 2521
0
1 2620
1 2865
0
3 163 3429 4686
1 1262
0
0
0
0
0
0
0
0
0
0
0
0
0
0
0
0
1 5243
0
0
0
0
0
0
0
0
0
0
0
2 125 2887
0
0
1 2565
0
1 2506
0
1 141
0
0
0
0
0
0
0
0
3 3224 3626 4601
0
0
1 1516
0
0
0
0
0
0
0
0
0
0
0
0
1 1215
1 129
0
0
0
0
0
1 1104
0
0
0
0
0
1 2742
0
1 4257
0
0
0
0
0
4 1166 3969 3991 5505
0
1 234
0
1 333
0
0
3 274 3594 5451
0
0
1 1028
0
0
1 2408
0
0
1 530
0
0
0
0
0
0
1 483
0
0
0
0
1 2360
0
0
0
0
0
0
0
0
0
1 3439
1 2252
0
0
1 3060
2 1678 2322
2 1411 1540
1 4357
0
0
0
0
0
0
1 2733
0
2 1443 4670
0
0
1 966
1 4878
0
0
0
1 1815
2 2497 5362
0
6 548 2725 3161 3907 5298 5349
0
0
0
0
0
1 1835
0
0
1 3639
0
0
0
0
1 2456
0
0
1 4631
1 3211
0
0
0
0
1 3089
0
0
2 113 5109
0
0
0
0
0
0
0
0
0
1 1339
0
0
1 4600
0
0
1 1192
0
0
0
1 3197
0
1 965
2 1845 1956
0
0
0
0
1 732
0
0
0
1 2450
0
0
0
0
0
0
1 1564
0
1 2465
1 5370
0
0
0
0
0
0
1 2972
0
1 4775
2 2818 4648
0
0
1 2097
1 362
0
0
0
1 1618
0
0
0
1 898
0
0
0
0
0
0
0
0
1 4361
0
0
1 2495
0
1 3711
0
0
0
1 5407
0
0
0
0
0
0
0
0
0
1 1482
0
0
0
1 1014
0
0
0
0
0
1 2070
0
0
0
0
0
0
0
0
0
0
1 3793
0
1 790
0
0
1 3111
1 3294
1 4332
1 3909
0
0
0
1 1731
2 3095 5227
1 2550
0
0
0
0
0
0
1 5102
0
1 3845
0
0
0
2 1605 5321
0
0
0
1 646
1 5478
0
0
0
0
0
1 708
1 5405
0
0
2 3607 3814
0
0
1 1623
0
0
0
0
0
0
0
1 4306
1 1204
1 528
0
0
0
0
0
0
0
0
0
0
0
2 1603 5026
0
0
0
0
0
0
0
0
0
0
0
0
0
0
0
0
0
0
1 2161
0
0
2 1380 1388
1 4714
1 3370
0
0
0
0
1 4037
0
0
0
0
2 2215 5041
0
0
0
0
0
0
0
0
0
0
0
0
0
0
0
0
0
0
1 311
0
0
0
0
0
0
0
0
0
0
2 1047 3040
0
0
0
0
0
0
1 5168
0
0
0
0
0
0
1 2436
0
0
0
0
0
0
0
1 4065
0
0
0
0
0
0
2 1478 1763
1 2139
0
0
0
1 3792
0
0
1 581
0
0
0
0
1 1525
0
2 27 2814
0
3 2384 3054 4374
1 4432
0
0
0
0
0
2 138 3865
0
0
0
1 699
0
0
1 5455
0
0
0
0
0
1 3666
0
0
1 4082
0
0
0
0
1 1661
0
0
0
0
1 597
0
0
2 198 1201
3 294 1506 2612
0
1 159
1 1997
1 2455
0
0
0
0
0
0
0
0
0
0
0
1 4665
0
0
1 168
0
0
1 4561
0
0
0
1 5394
0
1 4003
1 4452
0
0
0
0
0
1 3212
0
1 1981
0
0
0
0
1 5347
0
0
0
0
1 1046
0
0
2 3463 4254
0
1 1071
0
0
0
0
0
0
0
0
0
0
0
1 2670
0
1 4067
0
1 1459
0
0
1 226
1 3536
0
0
0
0
0
0
2 2712 5522
0
0
0
0
1 670
0
0
0
0
0
1 2378
0
2 494 3157
1 3689
0
0
0
0
0
0
1 2993
0
0
1 3915
2 1920 2181
1 697
0
0
1 5209
0
0
0
1 4342
0
0
0
0
0
0
0
1 5373
0
0
1 904
1 2883
0
0
0
0
0
0
0
1 3901
0
0
0
0
0
1 3114
0
0
0
0
0
0
0
0
0
1 5360
0
0
1 1273
0
2 686 4608
0
1 1681
1 623
0
0
0
0
0
1 3124
0
0
0
1 574
0
0
1 1461
0
1 2947
0
0
0
0
0
1 3807
0
0
0
0
1 1572
0
0
0
0
0
0
0
0
0
0
1 2178
0
1 48
0
1 2467
2 1918 3771
0
1 4676
0
0
0
1 5152
0
3 13 2658 5176
0
0
0
1 1505
0
0
0
0
0
0
0
0
1 5415
0
1 1828
2 3015 4197
1 531
0
0
0
0
1 3611
1 160
0
1 1238
0
0
0
0
0
0
1 973
0
0
0
0
0
0
0
0
0
1 3760
0
1 5028
1 2131
0
0
1 1682
0
2 1541 3968
0
1 5069
1 710
0
0
1 1663
1 231
2 3442 4371
0
0
0
0
2 101 2066
0
0
0
0
1 496
1 3022
0
0
1 2185
0
0
0
0
0
1 5249
1 1193
0
3 987 5457 5502
0
0
0
1 264
0
1 1982
1 2216
1 4181
0
0
0
3 2568 4886 5435
0
2 673 2693
1 3162
0
0
0
0
0
1 3357
1 3415
0
1 2024
0
2 2931 5326
0
1 767
0
0
0
0
0
0
0
0
0
0
1 86
0
0
1 5517
0
0
1 4625
0
1 2512
0
1 3295
1 4829
0
0
0
0
1 1232
0
1 3566
1 1787
0
2 1298 3297
0
0
0
0
0
1 4319
0
0
0
1 5211
0
2 1553 2434
0
1 5332
1 5001
1 1770
2 1674 4314
0
0
1 5070
1 3978
0
0
0
0
1 1857
0
0
0
1 514
0
2 2811 4897
1 1217
0
1 1036
0
1 4712
0
1 4875
1 4354
0
0
0
1 1849
1 1113
0
0
0
0
0
0
0
3 1205 1543 3876
0
1 1565
0
0
0
0
0
0
1 3035
0
0
0
0
0
0
0
0
1 127
1 4048
0
0
0
0
0
1 2177
0
0
0
0
0
0
2 1523 3654
0
0
0
0
1 1550
0
0
0
0
0
1 2357
1 3673
1 1369
0
0
1 298
1 1311
1 2040
0
1 2221
0
0
0
1 1794
0
0
0
0
0
0
0
0
0
1 645
0
0
0
0
0
0
0
1 2038
0
1 188
0
0
0
0
0
1 1471
0
0
0
2 1293 2706
0
0
1 2593
2 4352 4402
0
0
1 4356
0
1 1138
0
2 5210 5322
1 1301
0
0
0
1 5180
0
0
0
0
0
4 998 2594 4237 5440
0
0
0
0
0
0
0
0
1 228
0
1 3691
0
0
0
1 505
0
0
0
0
0
1 2817
0
0
0
0
0
0
0
0
1 2298
1 2971
0
0
0
0
0
0
0
0
0
2 2770 4485
0
1 1862
1 3227
2 1251 4443
0
0
0
0
0
0
0
0
0
0
1 3642
0
0
0
0
1 567
0
0
0
1 1931
0
0
1 2198
0
0
0
1 596
0
1 2386
0
0
0
1 3918
2 2030 5190
0
0
0
0
0
0
1 2462
0
0
0
0
1 223
0
0
0
0
0
1 14
0
0
1 2375
1 1665
1 3123
1 5280
0
1 3615
0
0
0
1 2321
0
0
0
0
0
0
0
0
3 510 1332 3631
0
0
0
0
1 2946
0
0
0
1 3125
0
1 3369
1 157
0
0
0
0
2 3323 5089
1 6
1 5269
0
0
0
0
1 303
1 3164
0
1 5240
0
0
1 325
0
0
0
0
0
0
0
0
0
0
0
0
1 722
1 2862
2 199 1622
0
0
0
0
0
0
0
0
0
0
1 3138
0
0
1 2074
2 172 3795
0
0
1 3465
0
0
0
3 526 4605 4891
0
1 372
1 4907
4 1990 3636 3985 4717
0
0
0
0
1 1451
0
0
0
0
0
0
0
1 4831
0
0
0
1 413
1 1004
0
0
0
0
0
0
0
1 394
0
0
0
0
0
0
1 3586
2 4449 5233
0
0
0
1 285
1 3416
0
0
0
0
1 2614
0
0
0
0
0
0
0
0
0
1 5282
0
0
0
0
0
0
1 2347
1 440
0
0
0
1 4069
2 2028 3855
0
2 166 5071
1 5250
0
0
0
1 897
0
0
0
2 924 4990
0
0
0
0
0
0
0
0
0
0
1 290
1 267
0
0
0
0
0
0
0
0
0
0
0
0
2 425 1495
0
0
0
0
0
1 3574
0
1 1265
1 5289
2 28 1210
0
1 956
1 2051
1 2226
0
0
0
0
0
0
0
0
0
3 352 512 579
0
1 5136
0
0
0
0
0
0
0
0
0
0
0
1 4344
1 1774
0
0
0
0
0
0
3 1798 2892 3923
1 4447
2 1383 4041
0
1 4529
0
0
0
0
0
0
0
0
0
0
0
0
0
0
0
0
1 3509
0
0
1 1179
0
1 1575
0
0
1 1930
0
0
0
0
0
1 1925
0
1 5260
0
1 2553
1 5217
0
0
1 1905
1 5126
0
1 1630
0
2 3428 4118
0
0
0
0
1 4469
1 3210
0
0
0
0
0
0
0
0
0
0
2 748 1825
0
1 3483
1 1519
2 1341 3972
0
1 4230
0
0
0
0
0
0
0
0
0
1 2640
0
0
0
0
1 4739
0
0
1 3627
0
0
3 3180 3393 4968
1 1941
0
0
3 3229 3433 4190
0
2 1399 5216
0
0
0
0
0
0
0
0
0
1 3917
0
0
0
0
0
1 3620
1 4526
2 3407 4252
0
0
0
0
1 2908
0
0
0
0
0
0
0
0
0
2 2032 2990
0
0
2 890 3746
0
1 1389
0
1 2954
1 4788
1 539
0
0
0
2 4612 4991
1 5169
0
0
1 3617
0
0
0
0
1 4451
0
0
0
0
0
0
0
0
1 4704
1 4713
0
0
0
0
0
0
0
0
0
1 3932
0
0
2 3539 4512
0
0
0
0
0
2 2729 5506
0
0
1 4297
0
0
0
0
0
0
1 313
0
1 5129
0
0
1 1221
0
1 1914
0
0
0
0
0
0
0
1 3782
0
0
0
0
0
0
0
0
0
0
0
0
0
0
0
0
1 345
1 1746
0
0
2 863 3659
0
1 5092
0
0
1 4539
0
0
0
0
0
0
3 1692 3744 3879
0
0
0
1 4792
0
0
0
1 562
1 375
0
0
0
1 250
0
0
1 3593
1 1078
0
0
0
1 4116
0
0
0
0
0
0
1 4135
0
0
0
0
0
0
1 2446
0
0
1 650
2 304 2483
1 896
0
1 5469
0
0
1 5077
0
0
0
0
0
0
0
2 2560 3603
0
2 54 886
1 1953
1 1317
0
0
1 506
0
0
0
0
0
0
1 5278
0
0
0
0
0
0
0
0
0
1 1507
0
1 1936
0
1 988
1 5462
0
0
0
1 2466
0
0
0
1 3533
0
0
0
0
0
0
0
0
0
1 1765
0
0
0
1 3550
1 5374
0
0
0
0
1 4945
0
0
2 2574 3301
0
0
0
0
0
0
0
1 2439
0
0
0
0
0
0
0
0
0
0
0
0
0
0
1 1224
0
0
0
1 2087
2 2084 4296
2 628 4327
0
0
1 3042
0
0
0
0
0
0
0
0
0
0
0
0
0
0
2 2194 3147
0
0
1 5331
0
1 1761
1 974
0
0
0
0
0
0
0
0
1 942
0
0
0
0
2 4351 4549
0
0
1 4011
0
1 4977
0
0
0
0
0
0
0
0
0
0
1 5492
0
1 1502
0
0
0
0
0
1 4846
1 2718
0
0
0
0
1 1323
0
1 4520
0
0
1 2204
1 497
0
1 73
0
1 1992
0
0
0
2 1615 4253
0
2 4437 5130
0
2 1869 3097
0
0
0
0
0
1 1614
0
0
0
0
0
0
0
0
0
0
0
1 3405
0
0
0
0
0
0
0
1 1133
0
0
0
0
1 2944
0
0
0
0
0
0
0
0
1 4987
0
0
1 3068
0
1 5017
1 3974
1 792
0
1 4496
0
0
0
0
0
1 2186
0
0
1 3352
0
0
0
0
0
0
0
1 5237
0
1 1596
1 1503
1 2588
0
1 5495
0
0
0
2 1759 2256
0
1 3385
0
0
0
0
1 1150
0
0
0
0
0
0
0
0
0
1 763
1 5491
1 1743
1 3202
0
0
0
1 2771
1 3377
0
0
0
0
0
0
1 984
0
0
1 1695
0
1 575
0
0
0
0
0
2 1377 3346
0
1 1777
0
0
0
0
0
0
1 2223
0
0
0
0
0
0
0
0
0
0
0
0
3 258 2172 3878
0
0
0
0
0
0
0
1 3789
0
1 2182
0
0
0
0
0
0
0
1 5466
0
1 184
0
0
1 4799
1 4030
0
0
1 4619
0
0
1 3553
0
0
0
0
0
0
0
0
0
1 4517
0
0
0
0
0
0
0
0
0
0
0
0
1 1286
1 1474
0
1 2476
1 944
1 464
0
0
0
0
0
1 913
0
0
0
1 1855
0
0
0
0
0
0
0
1 695
0
0
0
0
0
1 1999
1 55
0
0
0
1 3598
1 2262
1 3422
1 2361
2 232 4981
0
0
1 1168
0
1 4234
0
0
1 4222
0
0
0
0
0
1 276
0
1 2611
0
0
0
1 1127
0
0
0
0
0
1 3223
0
0
0
0
0
2 5055 5528
0
0
0
0
0
0
1 2650
0
0
0
0
0
1 823
0
0
0
0
1 4331
0
0
0
0
0
0
0
0
0
0
0
0
0
0
0
1 3676
0
0
0
1 5397
0
0
0
1 3408
1 1044
0
0
1 1527
0
0
0
0
1 1697
0
0
0
0
0
0
0
0
0
0
0
0
0
0
0
0
0
0
0
0
0
0
0
1 3848
0
0
3 1776 3403 4383
1 1282
0
0
1 1231
0
0
6 874 2412 3562 3861 4208 4555
0
0
0
0
0
0
1 4699
0
0
0
0
0
0
0
0
0
0
0
0
1 3563
0
0
0
1 4209
0
0
0
0
0
1 3532
1 4657
1 2170
0
0
3 472 1197 2251
1 2043
0
0
0
0
0
1 3939
0
0
0
1 1175
0
1 1858
0
0
1 3837
0
0
0
0
0
0
0
0
0
0
1 1704
0
1 2299
0
0
0
0
0
0
0
0
0
0
1 982
0
0
0
0
1 2258
1 3555
2 3569 3571
0
0
0
0
4 2205 2637 3169 3201
0
1 3667
0
1 1310
0
0
0
0
0
1 2278
0
0
0
0
0
0
0
0
0
0
0
0
0
2 1307 4707
0
0
0
0
0
2 3821 4999
0
0
2 1628 3567
1 4028
0
1 842
1 563
1 1154
0
1 4959
0
0
0
2 1337 4827
1 3085
0
1 4674
0
0
0
0
0
0
0
0
0
0
0
0
0
0
1 2018
0
0
0
0
0
0
0
0
0
0
0
0
0
0
2 912 2988
0
0
0
0
0
0
1 1235
2 1182 2645
0
0
0
0
0
1 3897
2 2969 3664
0
0
0
1 1620
0
0
0
1 346
0
0
0
0
0
0
2 2135 5515
1 3651
0
0
1 2576
1 569
0
0
0
0
1 1594
0
1 307
0
0
0
3 676 2546 4934
0
0
1 2225
0
0
1 858
0
0
0
0
0
1 83
0
0
0
0
1 1106
1 5400
0
0
0
1 3257
0
1 1350
0
1 3692
0
1 721
0
0
0
0
1 2064
0
2 1878 1938
1 1398
0
0
0
0
0
0
0
1 2730
0
0
0
0
1 2504
0
0
1 3302
0
0
0
1 5171
0
0
0
0
0
0
0
1 3946
2 5402 5533
0
0
0
1 1974
0
2 2381 4488
0
0
0
0
0
0
1 4784
1 5178
0
0
0
0
0
0
0
1 4541
0
0
0
0
0
0
0
0
1 297
1 3076
0
0
0
0
0
0
0
0
0
0
0
0
3 908 2853 3913
0
0
0
0
1 992
0
0
0
0
1 4376
0
0
0
0
0
0
0
0
1 2054
0
0
2 3099 4595
0
1 5097
0
0
1 4217
0
0
1 5098
0
0
0
0
0
1 5156
0
0
0
1 2211
1 2207
0
0
2 349 2639
0
0
2 1288 1409
1 4426
0
0
1 5389
0
0
0
1 5524
1 746
1 706
0
0
0
0
1 2976
0
0
1 1929
0
0
0
0
0
0
0
0
0
1 2561
1 3373
0
0
0
0
0
0
0
0
1 387
0
1 2723
0
0
1 1797
0
0
0
0
1 4911
0
0
0
0
2 615 3409
0
0
0
1 3344
0
1 284
0
1 2121
0
0
0
0
0
0
0
0
0
0
2 3646 4880
0
0
1 2289
0
0
0
0
0
0
0
1 3024
0
1 977
1 3716
0
0
0
1 2978
0
0
2 3966 5091
0
0
0
1 5075
0
0
0
0
0
1 1559
0
1 3545
0
2 1366 3279
0
1 5527
1 1491
0
0
1 3165
0
0
1 2275
0
0
0
0
0
1 5144
1 2589
2 2875 4883
0
1 1447
0
1 3906
0
0
0
0
1 4201
0
1 3121
0
0
0
0
0
0
1 3531
0
0
1 2075
0
1 4570
1 1517
0
0
0
0
0
0
1 3252
0
1 4923
0
2 891 2936
0
2 4147 5344
0
0
0
0
0
0
0
1 4494
0
0
0
1 2834
0
1 3890
0
1 230
0
0
0
0
1 492
0
0
0
0
0
0
0
1 2231
0
0
0
0
0
0
0
0
0
0
0
0
0
0
0
0
0
0
0
0
0
1 3462
0
0
0
0
0
0
0
0
0
0
0
0
7 2193 3505 4143 4547 5160 5351 5399
0
0
0
0
0
0
1 5184
0
0
0
0
0
1 2765
0
0
0
0
0
0
0
0
0
1 743
0
0
0
0
0
0
0
0
0
1 2104
0
0
0
0
0
0
0
0
0
0
0
1 5040
0
0
0
0
0
0
0
0
2 532 3766
0
1 3931
0
0
0
0
5 1067 1958 4355 4563 5434
0
1 839
1 2577
0
0
1 2529
0
0
0
0
0
0
0
0
0
0
0
1 3942
0
0
2 3361 5067
0
1 4177
1 3830
0
0
1 3288
0
1 35
0
0
0
0
0
0
0
0
0
0
0
1 1767
2 62 3568
1 4337
0
0
2 4210 4305
0
0
0
0
1 4004
0
0
1 4928
0
2 1463 4330
0
0
0
0
0
0
1 3759
0
0
1 945
0
0
0
0
0
1 3543
0
0
0
0
0
0
1 2672
0
0
0
0
0
2 1988 4731
0
0
0
1 5368
1 4500
1 2418
0
1 3820
0
0
0
0
0
1 1688
0
0
0
0
0
0
0
3 1613 3120 4077
0
0
0
0
0
2 1431 4735
1 2073
0
1 323
1 4205
0
0
0
1 5437
0
0
1 4860
1 538
0
1 365
0
0
1 3681
0
0
0
0
0
0
0
0
0
0
0
1 619
0
0
0
0
0
0
0
0
0
0
0
0
0
0
0
0
0
1 2235
0
0
0
0
0
0
0
1 110
0
1 2228
0
0
0
0
0
0
1 1481
2 420 2744
0
0
0
0
0
0
1 4581
0
0
0
0
0
0
0
0
0
0
1 3014
0
0
0
0
0
0
0
0
1 5393
0
0
1 1278
0
0
0
0
0
0
0
0
1 4012
0
0
0
0
0
0
0
0
0
0
2 1261 1873
0
0
1 5048
1 841
0
0
2 602 3101
0
0
1 2552
0
0
1 4510
1 1848
0
0
0
0
0
0
1 4243
0
0
0
0
0
1 326
0
0
1 4861
0
0
0
0
0
1 1932
0
0
0
1 5124
0
0
0
0
0
0
1 5012
0
0
2 3457 4247
0
0
2 1229 3258
0
0
1 5372
0
0
0
0
0
0
0
0
0
0
0
1 1908
0
1 2659
0
0
0
0
0
0
1 1909
0
0
0
0
1 2624
1 793
0
0
0
0
0
0
0
0
0
0
0
0
0
0
0
0
0
0
1 2751
0
0
0
0
0
0
0
0
0
0
0
0
0
1 845
0
0
1 1512
0
1 398
0
1 1689
0
1 2755
0
0
0
2 983 4231
0
0
0
2 4084 4348
1 5307
0
0
1 151
1 2917
0
0
1 1626
0
1 1146
0
1 4931
0
0
0
1 4372
0
0
1 4398
0
0
0
0
0
1 1928
0
1 216
1 369
0
0
0
1 1810
0
1 933
0
1 1899
0
0
0
0
1 5022
0
0
0
0
1 2014
1 4730
0
0
1 136
1 1585
0
0
1 4360
1 3021
0
0
1 3390
0
1 5377
0
0
0
1 4387
0
0
0
0
1 2201
1 4804
0
1 2494
0
0
1 1913
0
0
1 4895
0
0
1 4971
0
0
0
0
2 1164 4530
2 976 4845
0
0
0
1 1096
0
0
0
0
1 3064
0
0
0
0
0
0
0
0
0
0
0
0
0
0
0
0
0
1 2044
0
0
0
0
0
0
0
1 2820
0
0
0
0
0
1 1866
1 2667
0
0
0
0
0
0
0
1 643
0
0
0
0
0
0
1 3903
0
0
0
0
1 5494
0
0
0
0
0
1 4323
0
0
2 441 4049
2 1364 2093
0
0
0
0
0
1 4898
0
0
0
0
0
0
0
1 3102
0
0
1 2314
0
0
0
0
0
2 427 4698
1 3777
0
1 1098
0
0
0
0
0
1 1619
1 5304
0
1 5285
0
0
0
0
0
0
0
1 796
0
0
0
0
0
0
0
1 4986
0
0
0
0
0
1 1007
0
0
0
0
0
0
0
0
1 1378
0
0
0
0
0
0
0
0
2 146 4978
0
0
0
1 1489
1 4963
0
0
0
3 2419 2822 5538
0
0
0
0
1 2424
0
1 1181
1 1403
0
0
1 1128
0
1 5488
0
0
0
0
0
0
0
0
1 1394
0
0
0
2 915 2067
0
0
1 880
1 3488
0
0
1 3029
0
0
2 1811 4218
0
1 4250
0
0
0
0
0
0
1 2189
0
0
0
0
0
0
0
0
0
0
2 3246 3376
0
0
0
0
2 3900 4607
0
0
0
0
0
0
0
0
0
0
1 1718
0
0
0
0
0
0
0
0
0
0
0
0
0
0
1 4464
0
0
0
0
0
0
0
0
0
1 2542
2 1422 3281
1 2694
0
0
0
0
2 2652 4683
0
0
0
0
0
2 3484 3940
0
0
0
0
2 309 1325
0
0
0
0
0
0
0
0
0
1 391
0
0
0
2 1053 4211
0
0
2 4491 5513
0
0
1 947
2 1842 4146
0
0
0
0
0
2 1436 1865
0
0
1 3260
0
0
1 2711
1 5135
0
1 142
0
0
0
0
0
1 1308
0
1 1673
0
0
0
0
0
0
0
0
0
0
0
1 318
0
0
0
1 1346
0
0
0
0
0
0
0
0
0
1 2112
0
0
0
0
0
1 935
1 2001
0
1 3962
0
1 3902
1 4743
10 149 314 1003 1006 1117 1387 1488 4081 4158 5532
0
0
0
0
0
0
1 1042
0
0
0
0
0
0
0
0
0
0
0
0
0
0
0
0
1 4748
0
0
0
0
0
0
0
1 3678
0
1 2244
1 3371
0
0
1 1940
1 2968
0
0
0
0
1 2655
0
0
0
0
0
0
0
0
1 1490
0
0
0
0
0
0
0
0
0
0
0
1 2525
3 439 3694 5112
0
0
0
1 723
0
0
0
0
0
1 3265
2 1582 3158
1 2496
0
0
0
1 1254
1 3601
0
0
0
0
0
0
0
0
0
0
0
1 5271
0
0
0
0
0
0
0
0
0
1 2313
0
0
0
0
0
0
0
0
1 1902
0
0
0
0
0
0
0
0
0
1 5375
1 4216
0
2 994 4425
1 3233
0
0
0
0
0
0
0
0
0
0
1 5153
0
1 861
1 2562
0
1 605
1 415
0
0
0
0
0
0
1 936
0
1 5265
0
0
0
3 2995 3914 4867
0
0
0
0
0
0
1 3150
0
0
1 49
3 1998 3888 3929
0
1 3389
0
0
0
0
0
0
1 4885
0
0
1 4791
1 561
0
0
0
0
0
0
0
0
0
0
0
1 832
0
0
0
0
0
0
0
0
0
0
0
0
0
0
1 1035
0
0
0
0
2 806 3634
2 418 3136
0
2 2380 2458
0
0
0
0
0
3 2842 2909 4781
0
1 2432
1 5175
1 3263
1 406
0
0
0
0
0
0
0
0
1 4045
1 4315
0
0
0
0
0
0
0
1 846
1 1075
1 717
1 5369
0
0
0
0
0
0
0
0
0
0
1 5403
0
0
0
0
0
0
1 4533
1 2889
1 5087
0
0
0
0
0
0
0
0
0
0
0
0
1 1162
1 3275
0
0
0
0
0
0
0
0
0
0
0
0
0
0
0
0
1 3282
0
0
0
1 1590
1 4265
1 2063
0
0
1 1202
2 821 4180
1 4240
0
0
0
0
1 53
0
0
0
0
0
1 2801
0
0
0
0
0
0
0
0
0
1 5284
0
0
0
0
1 4919
1 32
1 1955
0
0
0
0
0
0
0
0
0
1 3248
0
0
0
0
0
0
1 797
0
0
0
0
0
1 272
0
0
0
0
0
0
0
0
0
0
0
1 2486
0
0
0
0
0
0
0
0
1 322
1 242
0
0
0
0
0
1 3583
0
0
0
0
0
0
1 3395
1 1119
0
0
0
1 335
1 3947
0
0
0
0
1 5335
0
0
0
0
1 2769
0
0
0
0
0
2 2371 3560
0
0
0
0
0
0
0
0
0
1 4691
0
0
0
0
0
0
0
0
1 292
0
2 1296 1977
0
1 4404
2 781 1944
0
0
0
0
1 3155
0
1 613
0
0
1 2710
0
0
0
0
0
0
1 1375
0
0
0
1 143
0
0
1 4184
0
0
0
0
1 2934
0
0
0
0
0
0
0
0
0
0
0
0
0
1 2276
0
1 1064
0
0
0
0
0
0
0
0
0
0
1 22
1 3355
0
0
0
0
0
1 5339
0
0
0
0
0
0
0
0
0
0
2 122 5105
1 4557
0
0
0
1 3695
0
0
0
0
0
1 5514
1 4869
0
0
1 972
0
1 4890
1 914
0
0
0
1 5013
1 3671
0
0
1 2901
1 1852
0
0
0
1 3504
0
0
1 3167
0
0
0
0
0
0
0
1 2543
0
1 1477
1 1088
0
0
0
1 872
1 3872
0
0
1 312
0
0
1 4758
0
0
0
0
0
0
0
0
1 446
0
1 1144
0
0
0
0
1 4381
1 4151
1 1713
0
0
0
1 4071
0
1 584
0
0
0
0
0
0
1 513
0
0
1 235
0
0
0
0
0
0
0
0
0
0
0
0
0
1 5166
0
0
1 3884
0
0
0
0
0
0
0
0
0
1 1454
0
0
0
0
4 19 356 3750 4050
0
2 2685 3350
1 130
1 173
1 2502
0
1 5066
0
3 2101 3360 4815
2 4574 5384
0
0
0
0
2 3278 4078
0
0
1 875
0
0
0
1 4850
0
0
0
0
1 5245
0
0
0
0
0
0
0
0
0
0
0
0
0
0
0
0
0
0
0
0
0
0
0
1 1079
1 611
0
0
0
0
0
0
0
0
0
0
0
0
1 5236
0
0
1 5381
0
0
0
0
0
0
0
0
1 1292
0
0
1 2394
1 81
0
0
0
0
0
1 1768
1 423
0
0
0
2 3336 4091
0
0
0
0
0
0
1 1158
0
1 2294
0
2 2152 3871
0
1 824
0
0
0
0
0
0
1 553
0
0
0
1 5277
0
2 1860 3754
0
1 4985
0
0
0
0
0
0
0
0
0
0
0
0
0
1 1226
0
0
0
1 5108
0
0
0
0
0
0
0
0
2 3685 4303
0
0
0
0
0
1 4414
1 2191
0
0
1 4528
1 5256
0
0
0
0
0
0
0
1 2949
2 1775 3052
0
0
0
0
0
1 5264
0
0
2 1838 4925
0
0
0
1 4279
0
0
0
0
0
0
0
0
0
1 5032
0
1 42
0
0
1 1840
0
0
0
0
0
0
0
0
0
0
1 2967
0
0
1 5104
0
0
0
0
1 2734
0
0
0
0
0
0
0
0
0
0
0
0
0
0
0
1 4440
1 2522
1 373
1 1062
0
0
0
0
0
1 4161
0
0
0
0
0
0
0
1 2575
0
0
0
0
0
0
2 1710 1859
0
0
1 4584
0
0
0
0
0
0
0
2 591 3809
0
0
0
0
0
0
0
0
0
0
0
1 1023
1 4339
0
0
1 1400
0
0
0
0
0
1 3086
0
0
0
0
0
0
0
0
0
0
0
0
0
0
0
0
0
0
0
0
0
0
0
0
0
0
0
0
2 2736 4399
0
0
0
1 3674
0
0
0
0
0
0
0
0
0
0
1 474
0
0
0
0
1 4382
1 4475
0
1 4013
0
1 2498
0
0
1 5454
0
0
0
0
1 5147
1 4267
0
0
0
1 4335
0
0
1 1012
1 1728
0
0
2 651 4396
0
0
1 1529
0
1 1783
0
0
0
1 227
0
0
0
0
0
0
0
2 583 1526
0
1 2034
0
1 1455
0
0
0
0
1 4695
0
0
0
0
0
1 2902
0
0
0
1 4032
2 61 3579
0
0
0
0
0
0
0
0
0
1 680
0
0
2 1722 2918
0
0
0
0
0
3 1086 2666 5348
1 4916
1 2236
0
1 4598
0
0
0
0
2 2391 5015
0
0
1 3142
0
1 2597
1 517
0
1 2333
0
2 503 1309
0
0
0
1 3778
0
0
0
0
0
1 3643
0
0
0
0
0
1 2870
1 4842
0
0
0
0
0
0
0
1 4390
0
0
0
0
0
0
0
0
0
0
0
0
0
0
0
1 3341
0
0
0
0
0
0
0
0
2 1260 3973
0
0
0
0
0
0
0
0
4 749 1891 1896 3661
0
0
0
0
0
1 3655
0
0
1 1576
0
1 1101
0
0
0
0
0
0
0
1 4800
0
0
0
0
1 3541
0
1 2049
0
0
0
0
0
0
0
0
2 2138 3686
0
1 4018
3 606 1434 1781
0
0
0
1 1020
0
1 2740
0
0
2 158 4854
2 281 5544
0
0
0
0
1 4246
0
0
0
1 3629
2 4685 5151
0
0
0
0
0
0
1 4090
0
0
1 2183
0
0
0
0
0
0
0
0
0
0
1 185
0
1 4794
1 4514
1 3170
0
0
1 3198
0
0
0
0
2 2452 3502
0
0
2 1773 4269
0
0
2 74 4877
1 4984
0
0
1 547
0
2 2920 4038
0
2 44 4368
0
0
0
2 11 3314
1 1300
0
0
0
1 4667
0
1 4023
1 118
0
0
0
1 2793
0
0
0
0
0
0
0
0
0
0
0
0
0
0
2 4857 4914
0
0
0
1 545
0
0
0
0
0
0
0
1 5510
0
1 1129
0
0
0
0
0
0
0
0
0
0
0
0
0
2 638 4125
0
0
0
0
0
0
0
0
1 3267
1 5294
0
0
1 2125
0
0
1 4853
0
0
0
0
1 262
0
0
0
0
0
0
0
0
0
0
0
0
0
0
0
1 3733
0
0
0
0
0
0
0
0
0
2 648 5057
0
0
1 487
0
0
0
0
1 3061
0
0
0
0
1 2948
0
0
0
3 327 386 3431
0
0
0
0
0
0
0
0
0
0
0
0
0
0
0
0
0
0
1 3438
0
1 104
0
0
0
1 4292
0
1 4401
0
0
0
0
0
0
0
0
0
1 2701
0
0
0
0
0
0
0
0
0
0
0
0
0
0
0
0
0
0
0
0
0
0
0
1 428
0
0
0
0
0
0
0
0
0
0
0
0
0
0
0
0
0
0
0
0
0
0
0
0
0
0
1 1359
0
0
0
0
0
0
0
0
0
0
0
0
0
0
0
0
0
0
0
0
0
0
0
0
0
0
0
0
1 5219
0
0
0
0
0
0
1 1259
0
0
1 4599
0
0
0
0
1 4389
1 2420
0
0
0
0
0
0
0
0
0
0
0
0
0
0
0
0
0
0
0
0
0
0
0
0
0
1 4349
0
1 1324
1 2150
0
0
0
0
0
0
0
0
0
0
0
0
2 4767 4805
0
1 90
0
0
0
0
1 197
1 5459
0
0
1 1904
0
0
0
0
0
0
0
1 1882
0
0
0
0
0
0
0
1 4294
1 3394
0
1 2023
0
0
0
0
1 426
0
0
0
1 2762
0
0
0
0
0
0
0
0
1 1820
0
0
2 3002 5444
0
0
0
0
0
0
1 2187
0
0
0
2 3959 4544
0
0
0
0
0
3 206 2369 3721
0
0
0
0
0
1 2393
0
1 3690
0
0
0
1 385
1 969
0
1 1285
0
0
0
2 2428 3065
0
0
0
2 1939 1952
0
0
0
0
1 4834
0
0
0
0
2 850 5317
1 3423
3 263 950 4644
0
0
1 2155
2 64 3595
0
0
0
0
1 4175
0
0
0
0
0
0
0
2 4478 4604
0
1 2143
0
0
0
0
0
1 2120
0
0
0
0
0
2 2852 5080
1 4366
0
0
1 2622
1 2396
1 4556
1 4538
0
0
0
0
1 3018
0
3 970 1771 2828
0
0
1 1717
0
2 2398 4640
0
0
0
1 2973
0
1 2556
0
1 3938
0
0
2 3517 5276
1 4191
0
0
0
0
0
1 860
0
0
0
0
0
0
0
1 2208
0
1 3270
0
0
0
0
0
0
0
0
0
0
0
0
0
0
0
0
0
0
0
0
1 991
0
0
0
0
0
1 434
0
0
0
0
1 5352
1 3474
0
0
0
0
1 929
0
0
0
1 4446
1 1247
1 3489
0
0
1 5196
0
0
1 209
0
0
0
0
0
0
0
1 2761
1 878
0
0
1 2273
0
0
0
1 3599
0
0
1 782
0
0
0
0
1 3318
1 3451
1 3815
0
2 4772 5100
1 1756
1 625
1 4215
0
1 3152
0
1 2807
0
0
0
0
0
0
0
0
0
0
0
0
1 4785
1 2083
0
0
0
0
0
0
1 2448
0
0
0
0
1 4793
0
0
1 677
1 1415
0
0
0
0
0
1 246
1 939
0
0
1 4706
0
0
0
1 5223
0
0
0
2 1624 1668
0
0
0
0
0
0
1 239
0
0
0
0
0
1 2675
0
0
1 1416
0
0
1 4060
0
0
0
0
1 3556
1 1264
0
0
0
1 1935
0
0
0
0
0
0
1 3652
0
0
0
0
1 5540
0
0
0
0
0
0
0
0
0
1 3144
0
0
1 786
0
1 2154
0
0
0
0
0
0
0
0
0
0
0
1 2826
0
1 3251
0
0
1 570
0
0
0
0
0
0
0
0
2 4171 5148
1 747
0
0
0
0
0
0
1 4442
1 3687
0
0
1 5512
0
0
0
0
0
0
0
0
0
0
0
0
0
0
0
1 1760
0
0
1 4109
0
0
1 2323
0
0
0
0
0
2 2609 4168
0
0
0
0
0
0
0
1 4096
0
0
0
0
0
0
1 3612
0
0
0
0
1 1548
1 353
0
0
0
2 296 4115
0
0
1 255
0
0
1 3740
0
0
0
0
1 5345
0
0
1 4341
0
0
0
0
0
0
1 4270
0
0
0
0
1 4952
1 1972
0
0
0
0
0
1 5267
0
0
0
0
0
0
1 1420
0
1 1568
0
0
0
1 2686
0
0
0
0
0
0
0
1 542
0
0
0
1 4668
0
0
1 2634
0
0
0
0
0
0
1 5390
0
0
0
0
0
0
1 305
0
0
0
1 33
0
0
0
0
0
1 306
0
0
0
0
1 2437
1 67
0
0
0
0
0
1 377
0
0
1 3179
0
0
0
0
0
0
0
0
0
0
0
1 480
0
0
1 4008
0
0
0
0
0
0
1 4696
1 3628
2 995 2109
0
1 5408
0
1 3911
0
0
0
1 689
0
0
1 4272
1 693
0
1 3499
0
0
1 2587
0
0
0
0
1 5508
0
0
0
0
1 2224
0
0
0
0
0
0
1 1444
0
0
0
2 3153 3493
0
0
0
1 1750
0
1 1886
1 1985
0
0
0
0
0
0
0
1 1340
0
1 4155
0
0
2 2741 4887
0
0
0
0
0
0
0
0
0
0
0
0
0
1 2242
1 5311
0
0
0
0
0
0
0
0
0
1 1385
0
1 120
0
0
0
0
0
0
2 179 2113
0
0
0
0
1 1328
0
1 344
0
0
0
0
0
0
0
1 1304
0
3 815 4156 5220
0
0
1 382
0
0
0
1 5039
1 222
1 4632
0
0
0
1 937
0
0
3 364 745 2928
0
0
1 2668
0
0
0
0
0
0
0
0
0
0
0
1 2078
0
0
0
0
0
0
0
0
0
0
0
1 2554
0
0
0
1 836
0
0
0
0
0
0
0
0
0
0
0
0
0
2 869 3997
0
1 4629
0
0
0
1 1056
0
0
0
0
0
0
0
0
1 1976
1 737
1 4298
0
0
1 2493
1 4474
0
0
1 2022
0
0
2 3522 4682
1 4062
0
0
1 2866
0
0
0
0
0
0
0
0
0
0
0
1 3899
0
1 2794
0
1 3745
0
0
0
0
0
0
0
0
1 3189
0
0
0
1 5385
0
1 238
0
1 4138
0
0
0
1 1856
0
0
0
2 2511 3466
1 4852
0
0
0
0
0
1 5154
0
1 254
0
0
0
2 607 3419
0
0
0
0
0
0
1 925
1 1984
0
0
0
1 3606
0
1 5476
0
0
0
0
0
0
0
1 2789
1 3444
1 5110
0
0
0
0
0
0
2 4394 4953
0
0
1 4692
0
0
1 1636
0
1 2320
0
0
0
0
0
0
0
1 5511
0
0
0
0
0
0
0
0
0
0
0
0
0
0
0
0
0
0
0
0
0
1 2457
0
0
0
0
0
0
0
0
0
0
0
0
0
0
0
0
0
0
0
1 1173
1 4127
0
1 3726
1 4189
0
1 4508
0
0
0
0
0
1 5387
1 5486
0
0
0
3 2850 3600 5050
1 4518
0
0
2 3734 4606
0
0
0
1 3134
0
1 3303
0
0
0
0
1 2410
0
0
0
0
0
2 1250 1934
0
0
0
0
0
1 560
1 379
3 2845 4901 5143
1 1170
0
0
0
0
0
0
1 4503
0
0
0
0
1 1739
0
0
0
0
0
0
1 5014
0
0
0
0
0
0
2 770 5392
3 3936 3954 4602
0
0
0
0
0
0
0
0
0
0
1 2549
1 3610
0
2 1060 4433
2 2293 5195
0
0
0
0
0
0
0
0
2 1240 5481
0
0
0
0
0
0
0
1 3589
0
2 1595 2149
0
0
0
0
0
0
0
0
0
0
0
0
0
1 1068
0
0
0
0
0
0
0
1 2876
1 5010
1 277
0
0
0
0
0
0
2 3137 4973
0
1 421
1 3927
1 1368
0
0
0
0
0
0
0
0
0
0
0
0
0
0
1 3850
0
0
0
0
0
1 3847
1 4219
0
0
0
1 2682
0
0
0
0
1 4988
0
2 3088 4421
1 4751
1 1851
0
2 3976 4353
0
1 4554
0
0
1 169
0
0
0
0
0
1 3003
0
0
0
0
0
0
2 1884 4489
1 4943
0
0
1 4749
0
0
1 4653
0
0
0
0
0
0
0
1 4506
0
0
1 888
0
0
0
1 3107
0
0
0
0
0
0
0
0
1 3614
0
0
0
0
0
0
0
0
0
0
0
1 2859
0
0
0
0
0
0
0
0
0
0
2 225 1069
0
0
0
2 4070 4966
2 1989 4821
1 5090
0
0
0
0
0
0
0
1 1473
0
0
1 4206
0
0
0
1 5292
0
0
0
0
1 3132
0
0
0
0
0
1 4902
0
0
1 4000
0
0
0
0
0
0
0
0
2 2581 4558
0
0
0
0
0
0
1 840
0
0
0
0
0
1 5323
0
0
0
0
0
0
1 1041
0
2 2930 5222
0
0
0
1 2128
0
0
0
0
0
0
0
0
1 5366
0
0
0
0
0
1 1097
0
0
1 5059
0
0
1 1358
0
0
0
0
0
0
0
0
0
0
0
0
0
0
0
2 1535 4450
0
0
0
1 2479
0
0
0
0
0
0
0
0
0
2 224 2359
2 1051 2839
0
0
0
0
0
0
0
0
1 1511
0
0
0
0
1 1696
1 1536
2 1272 1792
0
0
0
0
0
1 5308
0
2 707 5254
0
0
0
0
0
0
0
1 2029
0
0
0
1 1294
0
0
0
0
0
0
0
0
0
0
1 4924
0
0
2 3300 4553
0
0
0
1 2308
0
2 1153 4058
0
0
1 3511
1 3185
0
1 4888
0
0
0
0
0
0
0
0
1 818
0
1 4537
0
0
0
0
0
0
0
1 111
0
0
0
0
0
0
0
0
0
0
1 787
0
0
1 4072
0
0
0
0
1 3243
2 2738 4721
0
0
0
0
1 3623
0
0
0
0
0
0
0
0
0
0
0
0
1 5357
0
1 3025
0
0
0
0
0
0
0
0
1 5489
0
0
0
0
0
1 5338
0
0
0
0
0
0
0
0
0
0
0
0
0
0
0
0
0
0
0
0
0
2 4301 4468
0
0
0
0
0
0
0
1 2808
0
1 5503
0
0
0
0
1 3657
0
2 1922 5116
0
0
0
0
1 3986
0
0
1 253
0
0
0
1 4545
0
0
0
0
0
0
0
0
0
0
0
0
0
0
1 131
0
0
0
0
0
1 1163
0
1 1190
1 181
0
1 5367
0
1 1263
0
0
1 1438
1 2767
1 3208
0
1 2180
1 600
0
0
0
0
0
0
0
1 5302
0
0
0
0
0
0
0
0
1 4064
0
0
0
0
0
0
0
0
1 4658
0
0
2 829 1421
0
0
1 2878
0
0
0
0
0
0
1 4229
0
0
0
0
0
1 990
0
0
0
0
0
0
0
2 154 4455
0
0
0
0
0
0
0
0
0
0
0
0
0
1 2868
0
1 4983
0
1 2590
0
0
1 1372
0
1 2330
0
1 5158
0
0
1 2704
0
0
0
0
1 4124
0
0
0
0
0
0
0
1 3238
1 4164
0
0
0
0
0
1 593
0
1 2346
0
1 1574
0
1 5203
0
0
0
1 402
0
1 3818
0
1 1322
0
1 5035
0
0
0
0
0
0
0
0
0
0
0
1 3384
0
0
1 4024
0
1 4085
0
0
1 4669
0
0
0
0
0
1 3881
0
0
0
0
0
0
0
1 3331
0
0
1 5052
0
0
0
1 751
0
0
0
3 165 4329 4677
0
0
0
0
0
1 3424
0
0
0
2 1334 4068
0
0
0
0
0
0
0
0
0
0
0
0
0
0
0
2 2956 4828
1 2263
1 4596
1 4614
0
2 2253 4073
0
0
1 2481
0
0
1 3378
0
0
0
0
0
0
0
1 447
0
1 1927
0
0
0
0
0
0
0
0
2 3334 4719
0
0
0
0
0
0
0
1 182
0
1 1269
0
1 2980
0
0
1 468
1 1524
0
0
0
1 3351
0
0
0
0
0
0
0
0
0
1 1361
0
2 3970 5004
0
1 5107
0
0
0
1 5359
1 3108
2 1752 4430
2 328 1657
0
0
0
0
0
0
0
0
0
0
0
0
0
0
0
0
0
0
0
0
0
1 1456
0
0
0
1 2983
0
0
0
1 5239
0
1 5019
1 3649
0
0
0
0
4 698 864 1034 5205
0
1 2786
0
0
0
0
2 3092 4406
1 2625
0
0
0
1 3030
0
0
0
0
0
0
0
0
0
0
0
0
1 401
0
0
0
0
0
0
0
0
0
0
0
0
3 186 2671 5142
0
0
0
0
0
0
1 4163
0
0
1 2340
0
0
0
1 5327
0
0
0
1 3495
0
0
1 4995
0
0
0
1 1933
0
0
0
0
0
0
1 1948
0
0
0
2 268 627
1 3122
1 2387
0
1 4680
0
0
3 1092 5330 5419
1 1675
1 1419
2 1621 5023
0
1 978
0
0
1 527
0
0
0
0
0
1 2964
0
1 3764
0
1 3280
0
0
0
1 2688
0
0
0
0
0
0
0
1 121
0
0
0
0
0
4 2147 2921 3896 5172
0
0
0
0
0
2 4420 5391
0
0
0
0
0
0
0
0
0
0
0
0
0
0
0
0
0
0
0
0
0
0
0
1 5099
0
0
0
1 4787
0
0
1 4010
1 3131
0
1 3526
0
0
0
0
1 395
0
0
0
0
1 3613
0
0
0
1 704
0
0
0
1 5318
0
1 5305
0
0
0
0
0
0
0
0
0
0
0
2 889 2264
0
0
0
0
0
0
0
0
0
1 1136
0
1 2111
0
0
0
0
0
0
4 38 1805 2200 3382
0
0
0
0
0
0
0
0
0
0
0
0
2 467 4364
0
0
0
0
0
1 3953
0
0
1 1200
0
0
0
0
3 2520 2635 3761
1 692
0
0
0
1 775
0
1 3863
0
0
0
0
0
0
0
1 2039
0
1 3592
0
0
0
0
0
0
0
0
1 7
0
0
0
1 1877
0
0
0
0
0
1 2974
0
0
0
0
0
0
0
0
1 1754
1 289
1 1808
0
1 2296
0
0
1 4227
1 1885
0
0
1 766
0
0
1 5072
0
0
0
0
1 3146
0
0
0
0
3 1025 3665 3995
0
2 488 576
0
0
1 3860
0
0
1 5118
1 3358
0
0
2 1216 3425
0
0
0
0
0
0
4 1257 2188 2867 4384
1 4582
0
1 200
2 2551 3510
2 1124 1213
0
0
0
0
0
0
1 4106
0
1 1632
0
0
0
1 5496
0
1 1547
2 2144 4111
1 3928
1 2709
0
1 4961
1 1107
1 4690
0
0
0
2 784 3006
1 712
2 1991 2285
1 470
0
2 3230 4742
2 862 1601
1 1551
0
0
1 871
1 3680
0
0
0
1 2214
0
1 2802
1 3461
2 1313 2605
0
0
0
1 302
1 2304
0
1 1203
0
0
1 3584
0
0
2 1676 4651
1 3829
0
1 1476
0
1 4169
2 654 4822
1 3249
0
2 3874 4900
1 1017
0
0
0
0
1 1349
0
0
0
0
0
0
0
0
0
0
0
0
0
0
3 40 2519 3834
0
0
0
0
0
1 4248
0
2 2025 3464
0
3 2443 2821 3261
1 1658
2 78 4255
1 3365
0
2 1100 2849
0
0
1 2499
0
3 771 2175 2324
1 3868
0
0
0
0
0
2 2057 2345
1 2092
1 4589
1 3388
0
0
0
0
0
0
0
2 4571 5025
0
0
0
0
0
1 342
1 1402
2 1464 4509
0
1 1957
0
0
1 389
0
0
0
1 2766
0
1 3525
0
0
0
0
0
1 1611
0
0
0
0
0
0
0
1 2031
0
0
0
0
2 1484 1967
0
1 3650
1 4708
0
2 639 5197
0
0
0
1 469
1 2882
0
0
0
0
0
0
0
0
0
0
0
0
1 3559
0
0
0
1 1916
1 1099
0
0
1 1735
0
0
0
0
1 2533
0
0
0
0
0
0
0
2 1050 2630
1 2206
0
1 2176
0
0
0
1 3019
0
0
0
0
1 1546
0
0
0
0
0
0
0
0
0
0
0
0
0
0
0
0
0
0
1 1227
0
0
0
0
1 31
0
0
0
0
0
0
0
0
0
0
0
0
2 2268 2598
3 1702 4627 4982
0
1 3175
0
0
0
0
0
0
0
0
0
0
0
0
0
0
0
0
0
0
0
0
0
0
0
0
1 2487
0
0
1 5442
1 103
0
0
1 1570
0
0
0
1 3203
1 5150
0
0
0
0
1 4884
0
1 132
0
0
1 2860
2 2780 4134
0
0
0
0
0
0
0
0
0
2 500 1037
0
0
0
0
1 537
0
1 381
0
0
0
1 3196
0
0
0
0
0
0
0
0
1 2788
0
1 679
0
0
1 1465
0
0
0
0
1 3364
0
0
0
0
0
0
1 3074
0
0
0
0
0
0
0
1 3950
1 3290
0
0
0
0
0
1 954
1 1837
1 3475
0
0
1 2277
0
0
0
0
0
0
0
0
0
0
0
0
1 2681
1 3893
0
1 4610
1 1335
0
0
0
1 437
0
0
0
0
0
0
0
0
0
1 1441
0
0
0
0
0
0
1 802
0
0
0
0
0
0
1 3231
0
1 329
0
0
0
0
0
0
0
0
0
1 893
0
0
1 1279
1 60
0
0
0
0
0
0
0
1 3177
0
0
0
0
0
0
0
0
0
0
0
0
1 5296
0
0
0
0
1 2270
0
0
0
0
2 1141 5353
0
0
0
0
0
1 4080
1 4408
0
1 4638
0
0
0
0
0
0
0
0
1 3748
1 3564
1 4409
0
1 3031
1 1901
0
0
0
0
0
0
0
0
0
1 473
0
1 5198
0
0
0
0
0
0
0
1 1680
1 3329
0
1 1959
1 2970
0
0
0
0
0
0
1 5487
1 4112
3 1847 2509 5121
0
0
0
1 3698
0
0
1 4768
0
0
0
0
0
0
0
0
0
1 150
0
0
0
0
0
1 2559
0
1 3051
0
1 1275
1 4403
0
0
1 4245
0
0
0
0
0
1 4802
0
0
1 1002
0
0
0
0
1 2893
0
1 4838
0
0
0
1 586
0
0
0
0
0
0
0
1 831
0
0
1 2312
0
0
1 2016
1 5283
0
2 1963 2943
0
0
0
1 1160
0
0
0
0
0
0
0
0
0
0
0
0
1 2344
0
0
1 3327
0
2 1276 2916
0
0
1 1778
0
0
1 1315
0
1 152
1 3112
0
0
0
0
0
1 502
0
0
1 4467
0
0
0
0
0
0
0
0
0
0
0
0
0
0
0
0
0
0
0
0
0
0
0
1 856
0
0
0
0
0
0
0
0
0
0
0
0
0
0
0
0
0
0
0
0
1 3616
0
0
0
1 5000
0
0
0
0
0
0
0
0
0
0
0
0
1 5215
1 1867
0
1 3983
0
0
1 1329
0
0
0
0
0
0
1 2367
0
0
0
0
1 3831
0
0
1 455
0
0
0
0
0
0
0
0
1 3838
0
0
0
0
0
1 2753
0
0
0
0
0
0
0
1 1345
0
1 3084
0
0
0
0
1 754
0
0
0
0
1 2582
0
0
1 769
0
0
0
0
0
0
1 2020
0
1 572
0
0
0
0
0
1 1844
0
0
0
1 4286
1 2441
0
0
0
0
1 5045
0
0
0
0
2 412 1537
0
0
0
0
0
0
1 5341
0
0
0
0
0
1 2062
1 153
0
0
1 5259
0
0
0
1 3494
0
0
0
0
0
0
0
0
0
0
0
0
1 1418
0
0
0
0
0
0
1 1921
1 4593
0
0
0
0
0
0
0
0
0
0
0
0
0
1 535
0
0
0
0
0
0
0
0
2 357 981
0
0
0
1 3213
0
0
0
0
1 4136
0
0
0
0
1 1923
1 2922
0
0
0
0
0
0
0
0
0
0
0
1 578
0
0
0
1 3765
0
0
0
0
0
0
1 475
0
0
0
0
1 4741
0
0
1 3383
0
0
0
0
0
0
0
0
1 4448
0
0
1 1344
0
1 51
0
0
0
1 429
2 341 4750
0
1 4628
0
0
0
0
0
0
0
0
0
1 4507
0
0
0
1 2714
0
0
2 2961 4150
0
0
0
1 1499
0
2 2472 4726
0
0
1 2977
0
0
0
0
0
1 3908
1 4359
1 2774
0
0
0
0
4 66 3787 4871 5299
1 1530
0
0
0
0
1 3822
1 462
0
0
0
1 5037
0
0
0
1 4473
0
3 2538 3240 5120
0
0
1 5443
1 2440
1 509
1 273
0
1 4025
0
1 1303
0
1 4737
0
0
1 5417
0
0
0
0
0
2 637 5325
0
0
0
0
0
0
0
0
0
1 3055
0
0
0
0
0
0
1 75
0
0
0
0
0
0
0
0
0
0
1 2569
0
1 4955
0
0
0
0
0
0
0
1 3349
0
2 4204 4863
0
0
0
0
0
0
0
0
0
0
0
0
0
0
0
1 2050
0
1 5534
0
0
0
0
0
0
1 4097
0
1 1627
0
0
2 1687 2133
1 2053
0
0
0
0
1 5361
0
0
1 2009
0
0
0
1 4820
0
0
0
0
0
1 65
0
0
3 338 2903 4268
0
0
0
0
0
0
0
0
0
1 3348
1 4042
0
0
0
0
0
0
0
0
0
3 744 2368 3752
1 1417
0
0
0
0
1 2319
0
0
0
1 2503
0
2 1912 2914
0
0
0
0
0
1 1580
0
1 5537
1 4439
0
0
0
0
1 1061
1 3083
1 2091
1 3398
1 1649
1 4727
1 3191
1 4974
0
0
0
0
0
0
1 3020
0
0
0
1 1147
0
0
0
0
1 4393
2 2430 3204
1 240
0
0
0
0
0
0
0
0
0
0
1 4672
0
0
0
0
0
0
0
1 911
0
1 2142
0
0
0
1 658
0
1 4881
0
0
1 5297
0
0
0
0
0
0
0
0
0
1 3094
1 1469
1 0
0
0
0
0
0
0
1 2636
0
0
1 4258
1 5281
0
0
0
0
0
0
0
0
0
0
0
0
1 2720
0
1 4736
0
0
0
0
1 2716
0
0
0
0
0
0
0
1 3379
0
0
0
0
0
0
0
0
0
0
0
1 3274
0
0
0
1 1001
0
0
0
0
0
0
0
1 3958
0
1 5029
0
0
0
0
1 2269
0
1 4130
0
0
0
0
0
0
0
0
0
1 4882
0
0
2 4007 5431
0
0
0
1 3813
0
0
0
0
1 4655
0
0
0
0
0
0
0
0
0
1 2444
0
0
0
0
0
0
0
0
0
0
1 1299
0
0
0
0
0
0
0
0
0
0
0
0
0
0
0
0
0
0
0
1 843
0
2 295 4586
1 2259
0
0
0
0
0
2 178 4754
1 2715
0
1 3719
0
0
0
0
0
0
1 1876
0
0
0
0
0
0
1 4926
0
0
0
0
0
0
0
0
0
0
0
0
1 3160
0
0
0
1 4493
1 1951
0
0
0
0
0
0
0
0
0
0
1 4903
1 4688
0
0
0
0
0
0
0
0
1 2151
0
0
0
0
0
0
0
0
0
1 5101
0
0
0
0
0
0
0
0
0
1 359
0
0
0
0
0
0
1 2390
0
0
1 1853
1 69
0
0
0
1 266
0
0
0
0
0
0
0
0
1 1528
0
0
0
0
0
1 1980
0
0
0
0
0
0
0
0
0
0
0
1 4949
0
0
1 4149
0
1 642
0
0
0
0
0
0
0
0
0
0
0
0
1 1562
0
0
0
0
0
0
0
1 4780
0
0
0
0
2 1870 2500
0
1 2965
0
1 2007
2 1010 3608
0
0
0
0
0
1 2021
0
0
4 117 2229 3010 3206
0
0
0
0
1 5429
0
0
0
0
0
0
1 859
0
0
0
0
1 1492
0
0
0
2 4274 4579
0
0
0
0
2 1135 3537
2 416 3007
0
0
0
0
0
0
2 3343 4283
0
0
0
1 5094
1 3168
0
0
0
0
0
0
0
0
0
0
0
1 2848
0
0
0
0
0
0
1 968
0
0
0
0
0
0
0
0
0
0
2 552 3075
0
0
1 3714
0
0
1 2173
1 2090
0
0
0
0
0
0
1 4020
0
0
0
0
0
0
0
0
0
0
0
0
0
0
1 626
0
1 3590
0
0
0
0
1 4484
0
0
1 2888
0
0
0
0
0
1 4577
0
0
0
0
0
0
0
1 2489
0
0
0
0
0
0
0
0
1 493
0
0
0
0
2 4776 4824
0
0
0
0
0
0
0
0
0
0
0
0
0
0
1 5134
0
2 2900 3143
0
0
0
0
0
2 3500 4622
0
1 1458
0
0
0
0
1 5128
0
0
0
1 1093
0
0
0
0
0
0
0
0
0
1 3005
0
0
0
1 5490
0
0
0
0
0
0
0
0
0
0
0
1 5228
0
0
1 275
0
0
0
0
0
1 4611
0
0
1 4659
0
0
1 694
0
0
0
0
0
1 1732
1 3420
0
0
1 3316
1 3989
0
2 728 5187
1 3100
1 2484
0
1 2835
0
1 2564
0
0
0
0
0
0
0
1 5248
0
0
0
0
1 3737
1 3338
1 145
0
0
0
1 3984
0
0
0
0
1 2171
0
0
0
0
0
0
2 2679 3858
0
0
0
0
0
0
0
0
1 621
0
0
1 3684
0
1 1741
0
0
0
0
0
0
0
0
0
0
0
0
0
0
0
0
0
0
0
0
1 4769
0
0
0
0
1 4936
0
0
1 4365
0
0
0
0
0
0
0
0
0
0
1 4188
0
0
2 4075 4807
0
0
0
0
0
0
0
1 4148
0
1 3363
0
0
0
0
0
1 5272
0
0
0
0
0
0
0
0
0
0
0
0
0
0
0
1 5447
1 3320
0
0
1 837
0
0
0
0
0
0
0
0
0
0
0
0
0
1 2115
0
0
0
0
2 2874 4917
0
1 2700
1 1027
0
0
0
0
0
0
2 634 3819
0
0
0
0
0
1 715
0
0
1 709
0
0
0
0
2 1897 3523
0
0
0
0
0
0
0
0
0
0
0
0
1 4114
1 2095
0
0
0
0
0
0
0
0
0
1 2482
0
0
0
0
2 24 3032
1 1919
0
0
0
0
0
0
0
0
0
0
0
0
0
0
0
0
1 1693
0
0
0
0
0
0
1 4620
0
0
0
0
0
0
0
0
0
0
0
0
0
0
1 2540
0
0
0
0
0
0
0
0
1 4996
0
0
0
0
0
1 3480
0
0
1 1030
0
0
0
1 5145
1 187
0
0
0
0
0
0
0
0
0
0
0
0
1 4969
0
0
1 2759
0
0
0
0
0
0
1 5103
0
1 2126
1 458
0
2 1297 5214
0
0
0
0
0
0
1 5024
0
0
0
1 3724
0
0
0
0
1 1736
0
0
0
1 484
1 3038
0
0
0
0
0
0
0
0
0
1 5499
0
0
1 1719
0
0
1 5043
0
0
0
0
0
0
0
0
0
1 5548
0
0
0
0
0
0
0
0
0
1 2232
1 1589
0
0
0
0
0
0
0
0
0
0
0
0
0
0
1 2474
0
0
0
0
0
1 3446
0
0
0
0
0
0
0
0
0
0
0
1 1233
0
1 2580
0
0
0
0
0
0
0
0
0
0
0
0
0
0
1 2950
2 816 2656
0
0
1 3470
0
0
0
1 4198
0
0
0
0
0
0
0
0
0
1 336
0
0
0
0
0
1 3445
0
0
0
0
1 5471
0
0
4 1009 1410 2651 4236
0
0
0
1 4095
0
1 1112
0
0
0
0
0
1 3869
0
1 3200
1 649
0
0
0
1 5300
0
0
1 140
0
0
1 3572
0
0
0
0
0
0
0
0
1 57
0
0
0
0
0
0
1 5473
0
0
1 2163
0
0
0
0
0
2 599 1493
1 1211
0
1 3693
0
0
1 126
1 2838
0
0
1 2037
0
1 5263
0
0
0
0
0
0
0
1 3679
0
0
0
0
1 3798
0
1 4532
0
0
0
1 3128
0
2 1156 2505
0
0
0
0
0
0
0
0
1 1895
0
0
0
0
0
0
0
0
0
0
0
0
0
0
0
0
0
3 1836 4759 5212
0
1 4128
0
0
0
0
0
0
1 4322
0
0
0
0
0
0
0
0
0
0
1 2086
0
1 1701
0
0
0
1 5036
0
0
0
0
0
0
0
0
0
0
0
1 952
0
0
0
1 919
0
0
0
1 3756
0
1 3621
0
0
0
0
0
0
1 3023
0
0
0
0
0
3 201 1684 2123
0
0
1 2760
0
0
0
0
0
1 334
0
1 3994
0
0
0
0
0
0
0
0
0
0
0
0
0
0
0
0
1 3219
0
0
1 4153
1 4176
1 4830
0
0
0
0
0
0
0
0
0
0
0
0
0
0
0
0
0
0
1 4309
0
0
0
0
0
0
11 1367 1509 1666 1683 1817 2254 2646 2702 2719 3515 4465
0
0
0
0
0
0
0
0
0
0
0
0
2 653 1598
0
0
0
0
0
0
0
0
0
0
0
0
1 1996
2 822 3066
1 2327
0
0
0
0
0
0
0
1 2435
0
0
2 3524 4346
0
0
0
0
1 2776
0
0
0
0
0
0
1 632
1 5479
1 2998
0
0
0
0
0
0
0
0
0
0
0
0
0
0
1 1861
0
0
0
0
0
0
0
0
0
0
0
0
0
1 5200
1 3434
0
0
0
0
1 2881
1 877
1 2082
0
0
0
0
0
0
0
0
0
0
0
1 1978
0
1 870
0
1 1631
0
0
0
4 753 778 1033 3810
0
0
1 3741
0
0
0
0
1 3806
0
2 1762 4701
0
0
1 1360
0
1 1225
0
0
0
0
0
0
0
0
1 4088
0
0
0
0
0
0
0
0
1 3582
0
0
0
0
0
0
0
0
0
0
0
0
0
0
0
0
0
1 1642
0
0
0
0
0
0
0
0
0
0
0
1 4333
1 2799
0
0
0
1 5456
0
0
0
0
0
0
0
2 1212 2266
0
2 2156 3080
0
0
0
0
0
0
0
1 1070
1 4951
0
0
0
0
0
1 1667
0
1 4565
1 2654
0
1 1220
0
1 5262
0
0
1 980
0
0
0
0
0
0
0
0
0
3 2727 3292 5519
0
0
0
0
0
1 5279
0
0
0
0
0
0
0
0
0
0
0
0
0
0
0
1 288
0
0
0
0
0
0
0
0
0
0
0
0
0
0
0
0
0
0
0
0
0
0
0
1 4844
0
0
0
0
2 15 2843
0
0
0
0
1 2272
0
0
0
0
0
0
0
0
0
0
0
0
0
0
0
0
3 2217 2877 3828
1 4445
0
0
0
0
0
0
0
0
0
1 1640
0
0
0
1 3862
0
0
1 403
0
0
0
0
1 3739
0
0
0
0
0
0
0
0
0
0
0
0
0
0
0
0
0
0
1 128
0
0
0
0
1 4548
0
0
3 598 4207 4927
0
0
0
1 4660
0
1 1965
0
0
0
0
0
0
0
1 614
0
0
0
0
1 3581
0
0
0
0
1 1480
2 361 1635
0
0
0
0
1 3996
0
1 1691
0
0
0
0
0
1 1338
0
0
1 1306
1 4203
1 46
1 452
0
0
1 1
0
0
1 3886
1 498
0
0
0
0
0
1 4285
0
1 5173
0
0
0
0
1 204
0
0
0
0
0
0
0
0
0
0
1 1757
0
1 58
0
0
0
0
1 3047
0
0
0
0
1 3727
0
0
0
0
0
0
0
0
2 652 5484
0
1 4649
0
0
2 853 2613
0
0
1 4395
2 460 2555
0
0
0
0
0
0
0
1 3070
1 4814
0
0
0
0
1 5051
0
0
0
1 237
0
0
0
0
0
0
0
0
1 315
0
0
0
0
0
3 466 1806 2196
0
0
1 2203
0
0
1 3481
0
0
0
0
0
0
0
0
0
0
0
0
0
0
2 376 3401
0
1 2992
0
1 2491
0
0
0
1 2013
0
0
0
0
0
2 571 1239
1 996
0
0
0
0
1 4722
0
0
0
0
0
0
1 3266
0
0
0
0
0
0
0
0
0
0
1 3577
0
0
0
0
1 2717
0
0
0
1 1039
0
0
0
0
0
1 5119
0
0
0
0
0
1 5343
0
0
0
0
0
0
0
0
0
0
0
0
1 4687
1 2257
0
1 324
0
0
0
0
0
0
0
0
2 2768 2787
0
0
0
1 4453
0
0
0
0
0
0
0
0
0
0
0
0
1 3126
0
0
0
0
2 1336 4223
0
0
0
0
0
0
0
0
0
0
0
1 2953
0
0
0
0
0
0
0
0
0
0
0
0
0
1 1452
0
0
0
1 2721
0
0
1 1790
0
0
0
0
0
0
1 1907
0
0
1 685
0
0
0
0
0
0
1 278
1 2274
0
0
0
0
0
0
0
0
1 2094
0
0
0
0
1 618
1 252
1 610
0
0
0
0
2 1715 2836
0
0
0
0
2 106 2077
1 2238
0
0
0
0
0
0
0
0
0
0
1 5060
0
0
0
2 1171 5266
0
0
0
0
0
0
0
0
1 2891
0
0
0
0
0
0
0
0
0
1 3477
0
0
1 1617
0
0
0
0
0
0
1 2915
1 2732
0
0
0
0
0
0
0
0
0
0
0
0
0
0
0
0
0
0
0
0
0
1 3786
0
0
1 5549
0
0
1 3937
0
0
2 1494 2904
0
0
0
0
0
1 3867
0
0
0
1 4131
0
0
0
0
0
0
0
0
0
0
0
1 4801
0
0
1 3299
0
1 3034
0
0
0
1 3186
0
1 5174
0
0
0
0
0
0
0
0
0
0
0
1 4417
0
1 3043
0
0
1 4703
1 1749
0
1 195
0
0
0
0
0
0
0
0
0
0
0
0
0
0
2 2316 3702
0
0
1 5113
2 1733 2532
0
0
0
0
1 1813
0
0
0
0
1 3427
0
1 1432
0
0
0
0
0
1 2535
0
0
0
0
0
0
1 2047
0
0
0
0
0
0
0
0
0
0
0
0
0
0
1 757
0
1 555
0
0
2 3173 5401
1 5288
0
0
0
0
0
0
0
1 2924
0
0
0
0
0
0
0
0
0
0
0
0
0
0
1 3140
2 2006 4618
0
1 3799
0
0
0
1 3542
0
0
0
1 4803
0
0
1 2749
0
0
0
1 192
0
0
0
1 3187
0
0
3 1391 4121 5504
0
0
0
