1 11650
1 13616
1 1767
1 895
1 5494
1 953
1 6723
1 11546
1 3445
1 2095
1 3660
1 4953
1 4408
1 3075
1 374
1 823
1 885
1 3591
1 5836
1 13443
1 1602
1 5899
1 8698
1 5716
1 14900
1 5550
1 5223
1 5590
1 3414
1 3666
1 2048
1 618
1 9893
1 10182
1 2236
1 4873
1 1130
1 11836
1 14687
1 5633
1 10098
1 1757
1 1951
1 6354
1 3419
1 1884
1 14409
1 11075
1 9695
1 7423
1 1009
1 12208
1 9307
1 11988
1 6360
1 1240
1 705
1 13850
1 14279
1 1196
1 6730
1 10844
1 11915
1 2391
1 9859
1 5646
1 2353
1 11216
1 11391
1 15461
1 4344
1 9236
1 14
1 14576
1 6102
1 11927
1 3885
1 10485
1 13769
1 12481
1 1811
1 11269
1 1053
1 8733
1 14456
1 9655
1 12377
1 1819
1 1933
1 4462
1 8303
1 29
1 1700
1 1987
1 147
1 7598
1 3051
1 10029
1 10644
1 6502
1 7969
1 4820
1 10669
1 4421
1 11092
1 595
1 12445
1 4036
1 3086
1 1852
1 4174
1 106
1 4148
1 13108
1 1198
1 13128
1 2045
1 7440
1 14290
1 4736
1 8360
1 3191
1 6235
1 9026
1 4130
1 2227
1 866
1 3169
1 15699
1 6410
1 12379
1 6644
1 15400
1 4370
1 13061
1 2767
1 837
1 1317
1 1027
1 858
1 16330
1 6798
1 11771
1 11186
1 4931
1 15883
1 4585
1 12556
1 7667
1 443
1 16353
1 10158
1 11095
1 12202
1 8086
1 425
1 10000
1 7486
1 3935
1 15
1 746
1 16645
1 2399
1 843
1 2535
1 4648
1 7614
1 5397
1 6870
1 6025
1 1919
1 4849
1 8160
1 5180
1 7110
1 15377
1 934
1 4885
1 10491
1 4441
1 11310
1 2008
1 13255
1 3441
1 7000
1 1032
1 9712
1 11879
1 2168
1 3051
1 4531
1 1242
1 16366
1 821
1 252
1 16789
1 8887
1 3636
1 4562
1 12702
1 13714
1 15781
1 9631
1 1177
1 2526
1 5627
1 14912
1 4880
1 10148
1 8202
1 10043
1 10075
1 2235
1 7706
1 8504
1 10292
1 2868
1 2221
1 1213
1 13302
1 3784
1 115
1 7922
1 436
1 2317
1 13568
1 3656
1 561
1 50
1 7972
1 4397
1 7109
1 8673
1 1199
1 5722
1 8943
1 3292
1 16514
1 11686
1 14475
1 1430
1 8773
1 7638
1 14383
1 925
1 6850
1 15490
1 1519
1 5023
1 946
1 13401
1 12330
1 16768
1 5680
1 10848
1 4871
1 9043
1 10506
1 7519
1 1964
1 3381
1 294
1 5659
1 148
1 1209
1 10520
1 16043
1 7635
1 10864
1 598
1 6408
1 8823
1 11538
1 13525
1 14396
1 15587
1 11663
1 335
1 16711
1 14629
1 690
1 6357
1 8355
1 936
1 4050
1 7583
1 7036
1 6300
1 9773
1 8336
1 269
1 9597
1 4257
1 1763
1 3595
1 16045
1 3776
1 8989
1 3514
1 520
1 1711
1 5590
1 13667
1 8468
1 689
1 11688
1 14615
1 7647
1 581
1 4779
1 5135
1 6964
1 8861
1 10128
1 13481
1 12265
1 6023
1 5949
1 2469
1 7451
1 6489
1 266
1 10306
1 4138
1 10395
1 4780
1 11796
1 13326
1 13288
1 14607
1 7583
1 4781
1 746
1 9587
1 16274
1 9766
1 12419
1 2446
1 14611
1 2040
1 7478
1 15271
1 13766
1 6080
1 10555
1 1640
1 3638
1 2717
1 4158
1 3305
1 4050
1 5037
1 14132
1 10247
1 5005
1 6405
1 6766
1 16025
1 7725
1 13534
1 1033
1 15324
1 12658
1 2032
1 12213
1 9291
1 3866
1 11986
1 8213
1 12011
1 8464
1 3026
1 14024
1 656
1 9124
1 654
1 13147
1 28
1 2000
1 5346
1 7569
1 16287
1 11059
1 16805
1 530
1 9704
1 13010
1 5963
1 8556
1 14871
1 3313
1 3575
1 16785
1 16890
1 8626
1 11902
1 2263
1 12694
1 9513
1 5161
1 1980
1 11896
1 13140
1 14510
1 1345
1 7120
1 4896
1 6922
1 8303
1 429
1 1356
1 13053
1 14436
1 7562
1 1113
1 10215
1 12826
1 3386
1 2361
1 5977
1 4958
1 2868
1 13511
1 10693
1 4841
1 7648
1 8415
1 5066
1 11457
1 5298
1 655
1 4247
1 7868
1 1975
1 3647
1 6187
1 4316
1 9689
1 1208
1 1810
1 4069
1 12526
1 11360
1 10032
1 844
1 1668
1 7457
1 3465
1 2786
1 11536
1 4848
1 582
1 2942
1 8770
1 4211
1 12288
1 10830
1 5274
1 10541
1 1402
1 7049
1 7790
1 14868
1 11014
1 4134
1 14380
1 11186
1 1166
1 13262
1 12761
1 13770
1 4060
1 13920
1 14011
1 5492
1 7278
1 9117
1 7432
1 3240
1 16475
1 13247
1 12461
1 2489
1 3149
1 8457
1 6174
1 6146
1 16252
1 13684
1 3478
1 4016
1 3506
1 3516
1 15193
1 6940
1 2243
1 2991
1 693
1 12537
1 7013
1 13595
1 2596
1 5515
1 1739
1 6925
1 9142
1 7485
1 286
1 14208
1 2411
1 211
1 4451
1 8713
1 5794
1 3241
1 484
1 3050
1 14035
1 10832
1 9820
1 12330
1 3559
1 9018
1 8514
1 2715
1 7142
1 11188
1 2691
1 9211
1 5207
1 4071
1 4775
1 9947
1 4049
1 888
1 12318
1 8854
1 9302
1 4383
1 4007
1 13998
1 8260
1 2300
1 16457
1 6260
1 11883
1 1160
1 8033
1 10949
1 7253
1 1033
1 39
1 12121
1 7908
1 1891
1 14292
1 11803
1 121
1 11808
1 3677
1 1232
1 12974
1 8510
1 9051
1 1382
1 4947
1 1855
1 624
1 3276
1 2789
1 14896
1 8073
1 12989
1 1020
1 3769
1 1114
1 13709
1 111
1 5225
1 12571
1 3090
1 12200
1 3565
1 9164
1 10398
1 294
1 14712
1 4747
1 11887
1 9028
1 15783
1 8508
1 11322
1 13130
1 6534
1 9743
1 7428
1 5029
1 10582
1 15865
1 6629
1 7410
1 9647
1 1806
1 2308
1 4479
1 16917
1 14963
1 8459
1 6157
1 13318
1 12548
1 776
1 4633
1 4024
1 4585
1 243
1 13517
1 2011
1 13008
1 5855
1 15144
1 7600
1 14262
1 4744
1 180
1 10637
1 10117
1 6481
1 4580
1 2216
1 13474
1 16096
1 9210
1 13511
1 6298
1 1001
1 7107
1 12220
1 7656
1 1148
1 6257
1 16534
1 5456
1 2671
1 2243
1 3060
1 12714
1 6651
1 15547
1 9128
1 531
1 14547
1 64
1 13694
1 755
1 1012
1 262
1 14834
1 13545
1 2345
1 1259
1 9392
1 39
1 2523
1 293
1 1085
1 936
1 734
1 11571
1 442
1 5510
1 5429
1 1508
1 5801
1 6546
1 1822
1 14151
1 16045
1 15918
1 4755
1 15815
1 10459
1 758
1 3544
1 14256
1 9621
1 4839
1 5909
1 9413
1 5548
1 1665
1 15473
1 11097
1 14762
1 10704
1 436
1 3625
1 13942
1 8224
1 16593
1 3726
1 12103
1 5377
1 16200
1 1557
1 917
1 13771
1 2292
1 10576
1 5675
1 701
1 13677
1 1561
1 3342
1 15539
1 12210
1 2195
1 3498
1 13833
1 14839
1 7542
1 4020
1 9439
1 6090
1 1117
1 751
1 4962
1 15003
1 994
1 518
1 10614
1 2853
1 5034
1 6257
1 2365
1 7315
1 428
1 9322
1 1472
1 1898
1 2971
1 7581
1 2593
1 13558
1 6472
1 10097
1 11900
1 14786
1 8181
1 10055
1 2946
1 5930
1 16001
1 14607
1 1849
1 3031
1 2819
1 10695
1 5722
1 13385
1 13819
1 4525
1 4767
1 10148
1 1357
1 6994
1 267
1 904
1 5608
1 15071
1 13648
1 16693
1 679
1 3014
1 13568
1 1136
1 9136
1 16155
1 6141
1 457
1 10409
1 6069
1 5598
1 13650
1 9691
1 10992
1 14354
1 1180
1 9120
1 6834
1 6786
1 3047
1 477
1 4553
1 193
1 9649
1 5807
1 6873
1 3589
1 8142
1 1987
1 530
1 10447
1 680
1 5302
1 10638
1 12032
1 2968
1 4831
1 11665
1 5899
1 15158
1 2249
1 14969
1 496
1 14074
1 5407
1 12877
1 1073
1 15165
1 1403
1 16719
1 8439
1 950
1 2626
1 9764
1 3325
1 7534
1 9903
1 9103
1 16388
1 4518
1 2240
1 209
1 3134
1 12359
1 7666
1 444
1 11265
1 9241
1 205
1 10225
1 15963
1 8458
1 1401
1 12893
1 1759
1 13530
1 3331
1 10
1 2976
1 9463
1 13738
1 2664
1 2204
1 5516
1 2951
1 3102
1 10828
1 12704
1 2861
1 13691
1 4312
1 13326
1 5558
1 899
1 11090
1 666
1 2216
1 191
1 13636
1 12194
1 1929
1 4702
1 889
1 12506
1 16180
1 6848
1 4778
1 1192
1 6297
1 9126
1 2108
1 16687
1 576
1 3070
1 2338
1 5247
1 13515
1 15921
1 3039
1 264
1 4421
1 5402
1 2956
1 9392
1 4798
1 12887
1 3495
1 328
1 1644
1 11625
1 4646
1 7217
1 6403
1 9917
1 14976
1 615
1 5066
1 9216
1 16588
1 4415
1 1760
1 11229
1 9767
1 4508
1 9919
1 9452
1 15230
1 4719
1 9023
1 7142
1 709
1 9816
1 12151
1 692
1 13453
1 5801
1 6894
1 1403
1 12237
1 5855
1 9559
1 12337
1 798
1 10418
1 10454
1 9584
1 902
1 7234
1 14354
1 8361
1 7018
1 10711
1 7904
1 95
1 16284
1 7200
1 13941
1 11131
1 10445
1 16064
1 7054
1 9467
1 15198
1 3096
1 1200
1 2487
1 14246
1 249
1 4692
1 11698
1 3459
1 2200
1 3069
1 10592
1 209
1 16303
1 14523
1 15087
1 10294
1 12631
1 10930
1 5975
1 64
1 1003
1 4329
1 11648
1 10303
1 15347
1 12359
1 3071
1 12189
1 7065
1 5772
1 5893
1 12337
1 1062
1 3292
1 15856
1 15067
1 3518
1 1603
1 4808
1 11097
1 10850
1 3595
1 4579
1 8294
1 5922
1 15184
1 1532
1 11756
1 8410
1 10488
1 10152
1 2485
1 7632
1 10623
1 15328
1 1700
1 12276
1 1780
1 4496
1 10352
1 921
1 13650
1 5929
1 567
1 2983
1 3762
1 14399
1 4462
1 7905
1 13764
1 3241
1 6705
1 4689
1 701
1 15197
1 7922
1 7262
1 9166
1 14561
1 16045
1 4843
1 4331
1 8910
1 12956
1 1415
1 4925
1 14561
1 10243
1 12180
1 4716
1 15627
1 9699
1 6437
1 9284
1 13862
1 12795
1 39
1 10409
1 13539
1 1955
1 27
1 5044
1 1908
1 5298
1 12005
1 16828
1 9910
1 10384
1 1937
1 11325
1 4206
1 11586
1 3638
1 15970
1 15385
1 865
1 9874
1 5474
1 10857
1 373
1 6091
1 6393
1 7938
1 10478
1 15733
1 4943
1 2788
1 249
1 15064
1 4859
1 4335
1 1922
1 9186
1 14119
1 895
1 2350
1 12453
1 3660
1 10307
1 9303
1 10862
1 3406
1 7429
1 8464
1 13781
1 14734
1 9011
1 11235
1 6847
1 10760
1 11560
1 13676
1 14765
1 12211
1 3109
1 8289
1 16318
1 9889
1 3930
1 11085
1 281
1 13784
1 1755
1 10364
1 1617
1 5282
1 755
1 929
1 13676
1 9941
1 9417
1 10045
1 9779
1 11251
1 6483
1 238
1 10358
1 10112
1 3604
1 16144
1 3901
1 7375
1 10870
1 16076
1 1390
1 16648
1 3293
1 4981
1 15727
1 5173
1 9535
1 15126
1 2290
1 3510
1 6471
1 11917
1 6083
1 12862
1 8635
1 8083
1 6640
1 1034
1 2530
1 7715
1 14130
1 11640
1 501
1 7214
1 1657
1 9025
1 9700
1 2121
1 1789
1 15
1 12479
1 8221
1 8695
1 6800
1 7778
1 266
1 1477
1 2609
1 13423
1 2730
1 551
1 8645
1 14184
1 95
1 4259
1 4895
1 11364
1 2678
1 12196
1 11146
1 7436
1 1868
1 6964
1 7133
1 644
1 3966
1 5163
1 11285
1 1012
1 47
1 6096
1 11642
1 4067
1 13708
1 5836
1 8129
1 2630
1 11567
1 807
1 4684
1 7289
1 1668
1 15722
1 13714
1 6044
1 5259
1 5329
1 9766
1 4045
1 1192
1 15009
1 7696
1 1880
1 11495
1 8549
1 2925
1 1179
1 11972
1 750
1 13490
1 13218
1 10548
1 7190
1 12071
1 5301
1 13899
1 672
1 977
1 5052
1 15761
1 13801
1 4741
1 737
1 12737
1 3164
1 2159
1 8183
1 12451
1 2596
1 680
1 12469
1 1358
1 55
1 9367
1 7009
1 8490
1 3101
1 13686
1 10086
1 11414
1 15323
1 988
1 10005
1 12889
1 5406
1 5497
1 756
1 1436
1 5181
1 15551
1 2920
1 4252
1 10885
1 709
1 2301
1 11637
1 9017
1 3756
1 9403
1 3755
1 6518
1 15364
1 7667
1 2686
1 4416
1 8026
1 10629
1 6236
1 15324
1 247
1 10883
1 9588
1 15533
1 7334
1 14362
1 684
1 8303
1 15903
1 1764
1 13117
1 7170
1 11179
1 15025
1 7562
1 2576
1 8588
1 7673
1 9441
1 5286
1 10186
1 8602
1 8116
1 3236
1 13786
1 5219
1 14273
1 6615
1 466
1 484
1 16320
1 9561
1 5451
1 15226
1 2237
1 4597
1 1918
1 1029
1 6596
1 1383
1 13368
1 37
1 3042
1 16
1 956
1 13642
1 12681
1 5459
1 8878
1 16373
1 10327
1 14338
1 1752
1 1927
1 16287
1 15461
1 12840
1 9622
1 4808
1 2142
1 13865
1 2721
1 294
1 7951
1 5117
1 489
1 8196
1 442
1 4501
1 7776
1 11417
1 16826
1 13728
1 6484
1 2077
1 12080
1 2887
1 2522
1 12034
1 6985
1 7647
1 267
1 8541
1 5520
1 14219
1 4808
1 12477
1 14571
1 755
1 6231
1 11343
1 9575
1 11593
1 5489
1 14107
1 5243
1 16006
1 10617
1 9174
1 1207
1 9699
1 2129
1 16503
1 3569
1 5243
1 9790
1 2953
1 2622
1 245
1 914
1 5460
1 2235
1 895
1 10539
1 13323
1 2294
1 267
1 4407
1 15260
1 1098
1 1522
1 8957
1 13472
1 8688
1 14064
1 2298
1 814
1 553
1 10661
1 13538
1 16868
1 2347
1 10085
1 13893
1 4206
1 5721
1 14
1 7633
1 7287
1 7545
1 13486
1 11684
1 14578
1 12863
1 12812
1 14036
1 1027
1 7169
1 861
1 5850
1 7135
1 4129
1 5977
1 12704
1 15802
1 15149
1 5199
1 7446
1 4186
1 10251
1 2955
1 5357
1 14346
1 11795
1 9787
1 6427
1 1733
1 9403
1 525
1 1763
1 8506
1 7466
1 10540
1 8090
1 3849
1 13660
1 10003
1 1912
1 13862
1 17
1 7675
1 2403
1 8422
1 3944
1 1665
1 2546
1 11638
1 13661
1 10527
1 410
1 3483
1 14588
1 7981
1 8106
1 14675
1 14182
1 7880
1 2853
1 11217
1 8853
1 3607
1 7902
1 15621
1 8893
1 15792
1 3019
1 13807
1 9518
1 668
1 4532
1 5252
1 4777
1 5240
1 3677
1 13727
1 8808
1 14927
1 6848
1 7872
1 5568
1 16892
1 2227
1 4420
1 10838
1 3509
1 4326
1 2087
1 10672
1 13014
1 15266
1 1519
1 3033
1 3087
1 1700
1 2215
1 1203
1 312
1 7783
1 3735
1 10605
1 10436
1 276
1 404
1 6639
1 120
1 2391
1 11998
1 4669
1 3907
1 7541
1 6004
1 4022
1 8501
1 13951
1 6144
1 1767
1 655
1 12521
1 13631
1 449
1 10505
1 7058
1 13750
1 5247
1 4748
1 721
1 1154
1 1782
1 8177
1 5196
1 8580
1 5862
1 10981
1 10039
1 7696
1 7004
1 7931
1 11547
1 6395
1 12006
1 14056
1 3431
1 5604
1 10463
1 8089
1 13693
1 3579
1 10430
1 27
1 2523
1 33
1 16711
1 3563
1 940
1 450
1 7250
1 15604
1 4998
1 666
1 10681
1 15252
1 13002
1 14761
1 5346
1 2377
1 3404
1 11529
1 10765
1 28
1 16853
1 2469
1 4743
1 13690
1 2666
1 202
1 1995
1 1309
1 2224
1 5257
1 3775
1 7221
1 1915
1 13058
1 1353
1 9362
1 7932
1 11376
1 2521
1 16342
1 6581
1 1203
1 12515
1 7358
1 3336
1 6244
1 7360
1 7212
1 9164
1 14287
1 6082
1 7342
1 2588
1 16286
1 13688
1 6501
1 135
1 13601
1 14046
1 491
1 1341
1 2691
1 15598
1 10334
1 6333
1 16478
1 5696
1 4202
1 477
1 8366
1 4480
1 16224
1 6608
1 4344
1 5863
1 2735
1 5738
1 4820
1 2461
1 10944
1 13747
1 14507
1 1090
1 1502
1 3841
1 1418
1 2289
1 1811
1 4
1 14770
1 10704
1 5718
1 3490
1 6291
1 8271
1 4853
1 3662
1 8945
1 13717
1 9041
1 503
1 832
1 14176
1 7003
1 11519
1 8487
1 16434
1 1903
1 6539
1 16193
1 8575
1 10482
1 1834
1 13568
1 7934
1 7912
1 9103
1 891
1 12820
1 3270
1 2902
1 3570
1 9164
1 6402
1 6652
1 16318
1 7030
1 14591
1 16306
1 535
1 13355
1 7859
1 4961
1 6888
1 12717
1 8132
1 5814
1 12086
1 12477
1 6122
1 10225
1 12067
1 582
1 9481
1 7310
1 6408
1 11094
1 6891
1 5473
1 1796
1 7613
1 2250
1 5710
1 7493
1 15375
1 7842
1 8604
1 13490
1 6207
1 3907
1 2856
1 10571
1 504
1 838
1 11667
1 4327
1 9889
1 6124
1 1613
1 715
1 8333
1 15099
1 12444
1 2240
1 15435
1 3981
1 4165
1 14
1 10621
1 3284
1 1264
1 11899
1 12249
1 353
1 5384
1 10995
1 180
1 3666
1 871
1 10000
1 10694
1 2044
1 6438
1 14849
1 7081
1 8756
1 7277
1 10772
1 2051
1 7810
1 9966
1 7541
1 2010
1 5789
1 3750
1 11018
1 1256
1 1144
1 3596
1 2405
1 2146
1 4497
1 16465
1 5928
1 8647
1 1177
1 1648
1 14457
1 9210
1 1160
1 2108
1 5302
1 9634
1 1998
1 8408
1 4432
1 3982
1 5820
1 16508
1 4069
1 15484
1 2271
1 6640
1 2856
1 9002
1 16890
1 3392
1 7860
1 6352
1 16875
1 8879
1 3239
1 13103
1 14043
1 6266
1 3930
1 5799
1 9224
1 4022
1 13472
1 8399
1 11178
1 13886
1 4932
1 400
1 8932
1 10554
1 3981
1 2300
1 10363
1 1572
1 2991
1 15035
1 2732
1 7898
1 2774
1 3
1 6612
1 2353
1 9463
1 2235
1 15433
1 1796
1 3842
1 11667
1 15073
1 2804
1 15662
1 9528
1 2167
1 9109
1 3596
1 2421
1 15658
1 8891
1 1405
1 4957
1 11829
1 4821
1 11752
1 7796
1 8162
1 13456
1 2448
1 1277
1 4346
1 1527
1 672
1 6713
1 12857
1 14553
1 1937
1 1718
1 2291
1 535
1 6020
1 2038
1 13614
1 1946
1 9218
1 8233
1 6110
1 3612
1 13679
1 944
1 11166
1 14824
1 767
1 8041
1 8411
1 2673
1 9292
1 2188
1 14686
1 3643
1 3125
1 11514
1 2201
1 9593
1 16141
1 5926
1 2500
1 1665
1 305
1 16100
1 3616
1 1767
1 373
1 7693
1 9124
1 2509
1 16855
1 8651
1 866
1 15234
1 11783
1 6095
1 7733
1 5058
1 12757
1 1114
1 6370
1 12351
1 821
1 1331
1 15815
1 239
1 11846
1 10481
1 1134
1 2935
1 13136
1 14137
1 1538
1 5902
1 10081
1 13244
1 5791
1 5871
1 6223
1 1191
1 4648
1 1104
1 15758
1 8700
1 1304
1 369
1 8504
1 8158
1 3725
1 1995
1 2794
1 2081
1 1773
1 15133
1 16428
1 1348
1 16765
1 1203
1 13818
1 5267
1 14092
1 7800
1 3885
1 14698
1 6292
1 12805
1 11350
1 12005
1 11364
1 14767
1 8428
1 9301
1 5318
1 6537
1 6099
1 10836
1 3919
1 4337
1 10134
1 10977
1 2629
1 11129
1 13777
1 12861
1 4193
1 7224
1 7790
1 16439
1 10900
1 8880
1 8184
1 10699
1 8332
1 2509
1 8720
1 293
1 2535
1 8180
1 3805
1 5578
1 14724
1 6269
1 559
1 10681
1 15649
1 9266
1 11649
1 12645
1 10183
1 2817
1 16325
1 3889
1 777
1 1199
1 13275
1 6806
1 13691
1 12204
1 6218
1 684
1 15703
1 10434
1 11015
1 2878
1 8861
1 16388
1 4175
1 6437
1 9747
1 3013
1 7445
1 12504
1 13979
1 601
1 1399
1 13554
1 9966
1 11548
1 13380
1 5244
1 4761
1 14968
1 10147
1 3583
1 12917
1 9085
1 2327
1 5653
1 13770
1 9655
1 8687
1 810
1 4414
1 15983
1 1495
1 11833
1 1113
1 9680
1 10792
1 4207
1 6465
1 6167
1 899
1 530
1 5190
1 2374
1 10054
1 27
1 16553
1 9069
1 3410
1 3436
1 3721
1 16135
1 12470
1 4069
1 9491
1 12949
1 7988
1 2470
1 6809
1 11632
1 13498
1 13769
1 13462
1 15340
1 16115
1 4179
1 6572
1 4298
1 13425
1 3085
1 6476
1 12727
1 6444
1 10151
1 70
1 2388
1 16045
1 6013
1 8377
1 4805
1 14459
1 6743
1 10580
1 4289
1 2926
1 4844
1 10888
1 16
1 4050
1 11919
1 6090
1 6945
1 15986
1 6284
1 14521
1 13061
1 3740
1 9192
1 8458
1 1876
1 14778
1 3149
1 65
1 1541
1 699
1 4847
1 3745
1 9220
1 7033
1 5484
1 9999
1 14792
1 1255
1 13753
1 8848
1 5086
1 14375
1 3165
1 11627
1 2180
1 14755
1 767
1 1376
1 1521
1 5314
1 15114
1 1255
1 6510
1 2852
1 3587
1 8947
1 8649
1 15595
1 5325
1 10858
1 1427
1 6850
1 4972
1 4123
1 9246
1 5092
1 7280
1 10944
1 5372
1 13756
1 16475
1 9441
1 1774
1 15783
1 8721
1 12981
1 17
1 10949
1 12877
1 11671
1 10668
1 14136
1 13694
1 14591
1 2087
1 5265
1 2798
1 1435
1 9102
1 232
1 3440
1 6970
1 1180
1 2356
1 7004
1 6040
1 3351
1 7248
1 12260
1 4646
1 5613
1 13164
1 15019
1 7828
1 8525
1 10557
1 12932
1 1142
1 14044
1 9600
1 7142
1 8914
1 10768
1 5855
1 5884
1 7839
1 4883
1 5596
1 12115
1 6216
1 1152
1 7096
1 5121
1 3465
1 6848
1 5743
1 10296
1 1730
1 2137
1 14715
1 1714
1 15324
1 16804
1 3875
1 120
1 4484
1 14705
1 10978
1 14274
1 1376
1 5002
1 8208
1 2736
1 4909
1 1360
1 13992
1 2832
1 5752
1 8243
1 211
1 8477
1 12719
1 6586
1 5611
1 2018
1 4075
1 8429
1 11143
1 9103
1 8764
1 14976
1 4293
1 14023
1 12165
1 11216
1 1733
1 14319
1 12548
1 14465
1 9179
1 8478
1 14574
1 1035
1 5698
1 11608
1 2877
1 4968
1 13775
1 11068
1 10539
1 13484
1 3319
1 8164
1 11593
1 12008
1 1240
1 9764
1 12420
1 1203
1 15317
1 1005
1 3012
1 15526
1 5337
1 14595
1 4938
1 7545
1 4607
1 911
1 7519
1 15825
1 62
1 7712
1 3319
1 4012
1 310
1 14519
1 9932
1 11062
1 7118
1 4931
1 4742
1 2411
1 16828
1 16753
1 4496
1 177
1 4450
1 13747
1 10191
1 4618
1 3008
1 8705
1 12374
1 1433
1 2242
1 4095
1 981
1 240
1 9799
1 1668
1 549
1 3838
1 6238
1 9991
1 1538
1 8239
1 14458
1 15861
1 13772
1 12817
1 1109
1 5262
1 2606
1 15359
1 11120
1 2009
1 3227
1 7922
1 14101
1 15123
1 10418
1 4565
1 11508
1 3428
1 4939
1 3471
1 3012
1 5895
1 8126
1 10454
1 15563
1 14408
1 16685
1 2418
1 3669
1 1009
1 8106
1 2361
1 6285
1 3575
1 272
1 11128
1 1177
1 1180
1 3863
1 3333
1 184
1 12413
1 1861
1 2682
1 13646
1 11887
1 3722
1 12291
1 11061
1 4138
1 14618
1 9580
1 9381
1 16826
1 1787
1 8955
1 3345
1 400
1 7874
1 14328
1 6533
1 4346
1 1776
1 97
1 6231
1 4824
1 7957
1 8239
1 3206
1 2290
1 1773
1 12032
1 4414
1 7618
1 7679
1 2156
1 1440
1 11451
1 3236
1 6533
1 1491
1 7358
1 915
1 5238
1 1346
1 11101
1 11290
1 12667
1 8361
1 15118
1 7672
1 760
1 16397
1 7230
1 6014
1 3060
1 11189
1 14637
1 13545
1 6014
1 12830
1 16380
1 6971
1 5336
1 2159
1 14796
1 1777
1 2393
1 5873
1 13801
1 5631
1 11576
1 6852
1 15354
1 15252
1 10792
1 2449
1 8906
1 281
1 7026
1 4781
1 8348
1 625
1 2462
1 10798
1 11621
1 10192
1 7314
1 5153
1 15778
1 9220
1 12637
1 6051
1 13172
1 3187
1 77
1 14835
1 14348
1 6738
1 14608
1 12028
1 13862
1 3322
1 12064
1 10503
1 1910
1 9609
1 1460
1 16389
1 52
1 14217
1 3163
1 9790
1 678
1 11116
1 2894
1 9530
1 16889
1 10851
1 8744
1 1052
1 2520
1 15664
1 3173
1 226
1 3569
1 7356
1 655
1 2540
1 4597
1 4289
1 2813
1 1747
1 1414
1 5142
1 1056
1 13009
1 14783
1 505
1 10567
1 4225
1 716
1 7569
1 1353
1 9985
1 4666
1 2204
1 1016
1 2550
1 14728
1 12726
1 7495
1 16929
1 7933
1 2027
1 12194
1 1395
1 2583
1 76
1 4942
1 9812
1 7510
1 2403
1 2991
1 2949
1 3201
1 14242
1 5810
1 13714
1 6402
1 2306
1 9139
1 14988
1 10682
1 10347
1 1191
1 7049
1 8672
1 11615
1 6398
1 2767
1 7159
1 2799
1 7348
1 6279
1 1517
1 11651
1 1477
1 3317
1 5259
1 1252
1 14328
1 7519
1 9441
1 1455
1 16363
1 171
1 16245
1 1209
1 12244
1 10649
1 10044
1 471
1 8455
1 8587
1 4834
1 22
1 10645
1 1334
1 13933
1 2593
1 7356
1 1585
1 1209
1 13146
1 6729
1 2390
1 5458
1 67
1 5615
1 1136
1 14422
1 13675
1 2057
1 9777
1 4128
1 15505
1 3843
1 9702
1 6416
1 12927
1 7589
1 3213
1 1401
1 4463
1 1822
1 944
1 3276
1 15899
1 11538
1 13514
1 3256
1 10674
1 7466
1 1916
1 7516
1 3705
1 323
1 11592
1 13043
1 4641
1 14146
1 9434
1 14720
1 2872
1 6537
1 2979
1 12537
1 482
1 3679
1 16113
1 1371
1 6530
1 15114
1 170
1 599
1 7528
1 8433
1 4179
1 7649
1 4422
1 16251
1 9889
1 15719
1 2770
1 3012
1 6314
1 1441
1 63
1 8511
1 10176
1 9520
1 8053
1 4689
1 9654
1 12210
1 12109
1 7412
1 13578
1 9844
1 11869
1 3514
1 8863
1 8874
1 12293
1 828
1 16737
1 10668
1 13765
1 13934
1 9076
1 1444
1 13900
1 15874
1 16318
1 13518
1 2216
1 691
1 7213
1 9000
1 7719
1 6443
1 5168
1 483
1 6125
1 2433
1 8353
1 8914
1 7229
1 1133
1 3569
1 15267
1 13125
1 15315
1 1272
1 10675
1 13669
1 6086
1 11987
1 909
1 3315
1 15030
1 16807
1 10381
1 1135
1 8761
1 11331
1 13908
1 16708
1 29
1 14819
1 3805
1 12911
1 7032
1 16268
1 9981
1 11888
1 8841
1 4430
1 15113
1 11095
1 767
1 589
1 8081
1 1568
1 4303
1 136
1 10459
1 4179
1 8996
1 3972
1 10353
1 5709
1 3951
1 3234
1 3949
1 16669
1 1184
1 1953
1 4812
1 13892
1 303
1 12544
1 3866
1 3808
1 932
1 15643
1 917
1 10493
1 10345
1 1440
1 6666
1 2755
1 3749
1 10911
1 16815
1 5262
1 14808
1 738
1 7355
1 5270
1 13307
1 8616
1 14940
1 4008
1 5618
1 9515
1 13146
1 1242
1 12568
1 11662
1 10043
1 1468
1 15985
1 12148
1 11285
1 4061
1 972
1 3336
1 3100
1 8623
1 1937
1 6294
1 6745
1 2596
1 1514
1 2712
1 9354
1 3212
1 13632
1 4650
1 2433
1 8968
1 507
1 369
1 12972
1 4072
1 310
1 3980
1 3638
1 767
1 9094
1 1499
1 3981
1 5681
1 7507
1 1262
1 2036
1 13718
1 6229
1 3864
1 838
1 4657
1 10409
1 2269
1 11328
1 184
1 3598
1 13095
1 1445
1 6708
1 9049
1 7545
1 14706
1 904
1 15962
1 13828
1 7947
1 2491
1 12453
1 16319
1 7763
1 4861
1 546
1 11567
1 16033
1 13664
1 6158
1 4458
1 6390
1 2352
1 28
1 8198
1 2352
1 208
1 9317
1 3128
1 1342
1 5087
1 7812
1 11669
1 14675
1 10519
1 1677
1 13751
1 4017
1 6849
1 9659
1 1170
1 5399
1 7942
1 14322
1 2731
1 11739
1 16341
1 14323
1 3619
1 5362
1 16921
1 6939
1 4577
1 1313
1 5651
1 2880
1 2164
1 10495
1 7909
1 5102
1 16969
1 5970
1 13242
1 8335
1 8441
1 3335
1 12713
1 3591
1 9028
1 11062
1 5231
1 5957
1 3146
1 16072
1 7006
1 14075
1 1055
1 16043
1 9207
1 4053
1 4696
1 7920
1 5312
1 14459
1 845
1 900
1 5260
1 4203
1 13495
1 628
1 6826
1 14382
1 14008
1 16936
1 13486
1 4334
1 3228
1 11651
1 5922
1 16600
1 2343
1 888
1 1179
1 7442
1 10321
1 1383
1 2462
1 4077
1 2138
1 2339
1 7820
1 6203
1 8381
1 1180
1 1562
1 11899
1 3216
1 9757
1 7172
1 11849
1 5958
1 3196
1 12547
1 7832
1 1184
1 13472
1 5354
1 2681
1 14367
1 7984
1 16554
1 6766
1 9204
1 8493
1 15146
1 8569
1 1530
1 12537
1 10698
1 14168
1 14476
1 16045
1 6452
1 10375
1 3887
1 11264
1 7823
1 10047
1 1181
1 11941
1 7480
1 14160
1 14848
1 1325
1 3471
1 2194
1 1767
1 13553
1 1665
1 8792
1 4699
1 13905
1 10807
1 2259
1 13476
1 7440
1 5476
1 13960
1 2596
1 2560
1 6390
1 11554
1 12814
1 7820
1 14535
1 13786
1 7167
1 3148
1 5822
1 10977
1 744
1 8493
1 4268
1 5314
1 5088
1 1527
1 3092
1 9269
1 13525
1 15644
1 5734
1 4923
1 14103
1 6396
1 15532
1 7528
1 2946
1 11707
1 12206
1 3133
1 6109
1 754
1 6932
1 11331
1 15184
1 5982
1 12939
1 11354
1 716
1 4841
1 11996
1 12476
1 1230
1 10107
1 3523
1 5058
1 250
1 8956
1 5620
1 453
1 5563
1 16126
1 5382
1 10733
1 13296
1 6110
1 951
1 10565
1 1946
1 2432
1 8344
1 8056
1 9066
1 3687
1 5044
1 14991
1 12257
1 16264
1 1704
1 16492
1 11165
1 10601
1 7147
1 1562
1 6949
1 1213
1 2786
1 69
1 4179
1 16275
1 9710
1 136
1 1704
1 15825
1 11221
1 2856
1 545
1 12156
1 9392
1 2358
1 9370
1 14727
1 6423
1 1193
1 8107
1 6047
1 4084
1 8405
1 9103
1 12173
1 50
1 12096
1 7756
1 13202
1 2270
1 4925
1 4598
1 11191
1 14857
1 4191
1 6639
1 15197
1 12697
1 5767
1 2928
1 3288
1 11070
1 434
1 6273
1 9271
1 3175
1 13800
1 335
1 12330
1 7172
1 16658
1 504
1 6882
1 821
1 9629
1 13482
1 6377
1 6956
1 6188
1 6106
1 10424
1 8603
1 7965
1 1203
1 9402
1 2163
1 12659
1 8240
1 11868
1 9966
1 16236
1 4946
1 247
1 10351
1 10738
1 15856
1 10424
1 15402
1 2876
1 9602
1 5524
1 1338
1 6917
1 14514
1 6447
1 5151
1 11503
1 3372
1 14242
1 8150
1 4577
1 1199
1 3381
1 10216
1 8527
1 4513
1 660
1 13813
1 3966
1 13557
1 2653
1 3591
1 11018
1 16227
1 7786
1 10087
1 12493
1 15158
1 6943
1 8784
1 13994
1 1153
1 6632
1 13262
1 3456
1 8303
1 1766
1 5768
1 4775
1 11689
1 13557
1 8028
1 9103
1 12823
1 15988
1 11107
1 7933
1 15856
1 14391
1 7225
1 14111
1 3827
1 14823
1 8839
1 5800
1 500
1 5047
1 14622
1 2589
1 2172
1 1869
1 10173
1 2928
1 13083
1 3962
1 10665
1 8925
1 15217
1 13214
1 8005
1 1440
1 2572
1 8351
1 646
1 13638
1 10424
1 462
1 3637
1 3120
1 3639
1 10590
1 8861
1 10694
1 8598
1 2803
1 11990
1 13228
1 8898
1 2240
1 15291
1 11360
1 4507
1 14198
1 13752
1 11767
1 5916
1 2277
1 2350
1 2838
1 4760
1 11704
1 9428
1 1351
1 7013
1 9464
1 13696
1 12185
1 10146
1 11812
1 11249
1 16589
1 746
1 4823
1 12074
1 6741
1 4734
1 1190
1 5506
1 12351
1 3730
1 5008
1 3128
1 12495
1 220
1 2967
1 10036
1 7552
1 1259
1 8573
1 8312
1 9967
1 12182
1 11770
1 5805
1 9978
1 13075
1 16240
1 6663
1 2144
1 710
1 2596
1 1915
1 2671
1 16670
1 12856
1 1466
1 1948
1 11300
1 8245
1 10198
1 1412
1 3722
1 2764
1 3900
1 1677
1 12088
1 10180
1 704
1 2389
1 3244
1 3372
1 3917
1 2551
1 4206
1 14109
1 8326
1 1693
1 6646
1 4090
1 4759
1 9844
1 11563
1 1149
1 13311
1 11243
1 4217
1 1398
1 11566
1 13912
1 1406
1 4812
1 3240
1 12039
1 2180
1 434
1 1866
1 561
1 13073
1 7156
1 6748
1 15319
1 4356
1 14402
1 11845
1 1246
1 5219
1 7459
1 989
1 2979
1 12379
1 520
1 16173
1 13638
1 12589
1 11552
1 10985
1 5267
1 16891
1 8828
1 13750
1 12602
1 4855
1 1776
1 2951
1 1612
1 10322
1 8755
1 1277
1 10790
1 7436
1 3060
1 461
1 12450
1 12389
1 7108
1 721
1 4763
1 14928
1 11104
1 4516
1 11331
1 7545
1 13752
1 9374
1 7738
1 8104
1 14263
1 6015
1 5312
1 2586
1 1930
1 5959
1 47
1 4983
1 8878
1 14851
1 659
1 926
1 1219
1 8180
1 4212
1 2530
1 8971
1 12833
1 3461
1 830
1 439
1 11002
1 5025
1 2236
1 8923
1 7620
1 2390
1 9966
1 15773
1 6924
1 7090
1 10753
1 5872
1 15955
1 5278
1 15203
1 2166
1 6483
1 4820
1 2220
1 1090
1 5559
1 452
1 12515
1 1203
1 795
1 11347
1 3502
1 1345
1 13292
1 1184
1 1960
1 7532
1 12233
1 15342
1 3647
1 2709
1 2478
1 476
1 9276
1 4473
1 5864
1 6067
1 2930
1 981
1 12082
1 914
1 9977
1 9499
1 13706
1 11042
1 1194
1 13698
1 3981
1 13059
1 5521
1 6347
1 430
1 15787
1 14195
1 3565
1 14265
1 13920
1 6419
1 4980
1 16818
1 2344
1 76
1 6796
1 16600
1 335
1 1794
1 10710
1 1109
1 4797
1 2216
1 1353
1 12115
1 4661
1 12213
1 12394
1 6272
1 718
1 14918
1 8486
1 4445
1 9457
1 12301
1 1156
1 10211
1 15162
1 250
1 767
1 1029
1 2018
1 8462
1 1918
1 9264
1 13665
1 10020
1 659
1 10281
1 6203
1 10288
1 6677
1 6709
1 5031
1 2013
1 1902
1 1234
1 3870
1 4244
1 16559
1 380
1 13802
1 4234
1 1888
1 5456
1 5253
1 189
1 9945
1 7928
1 8092
1 1766
1 7853
1 16469
1 8569
1 7789
1 1115
1 11562
1 348
1 1209
1 765
1 8983
1 43
1 4568
1 15913
1 6690
1 8038
1 5554
1 120
1 1137
1 845
1 14607
1 7248
1 47
1 5679
1 9228
1 7825
1 5752
1 9978
1 12244
1 6463
1 8757
1 15073
1 8631
1 9206
1 5618
1 1398
1 12327
1 11060
1 5629
1 6487
1 7050
1 2221
1 14828
1 7844
1 2147
1 10636
1 753
1 16003
1 9612
1 10539
1 7800
1 7578
1 11328
1 15910
1 8901
1 16341
1 1944
1 335
1 12080
1 11537
1 5726
1 13523
1 7268
1 9467
1 10647
1 11586
1 3541
1 834
1 62
1 5311
1 14442
1 15052
1 1057
1 16045
1 2800
1 7679
1 3836
1 3986
1 8327
1 10897
1 7518
1 4413
1 7125
1 15828
1 2029
1 11322
1 11344
1 14626
1 15921
1 10018
1 1581
1 5007
1 3239
1 13822
1 6851
1 4258
1 2637
1 2977
1 10605
1 15113
1 15926
1 8158
1 2216
1 2931
1 9628
1 6347
1 9367
1 6711
1 11051
1 8306
1 2893
1 3480
1 8706
1 6219
1 16700
1 13477
1 14122
1 13557
1 6800
1 328
1 1130
1 13581
1 768
1 2179
1 93
1 10598
1 13664
1 921
1 2852
1 70
1 13682
1 2056
1 12454
1 4029
1 11894
1 9405
1 10036
1 843
1 14958
1 13154
1 2448
1 15389
1 10296
1 9586
1 15832
1 13666
1 16341
1 6188
1 6739
1 12464
1 8421
1 5040
1 1833
1 3726
1 5314
1 13321
1 14884
1 10298
1 15815
1 9723
1 11229
1 8646
1 3302
1 14556
1 8940
1 15892
1 3490
1 16274
1 9334
1 7310
1 822
1 3500
1 2433
1 221
1 9513
1 3637
1 1116
1 2204
1 755
1 15983
1 1991
1 6907
1 12115
1 9474
1 12807
1 3000
1 15642
1 8888
1 13374
1 6541
1 4621
1 12772
1 13615
1 5034
1 1972
1 5792
1 2715
1 1313
1 10290
1 1443
1 6932
1 1632
1 15987
1 12667
1 10167
1 10705
1 16314
1 4285
1 8766
1 14818
1 4435
1 7828
1 4335
1 9070
1 1246
1 3981
1 6430
1 12593
1 1650
1 14552
1 10357
1 3796
1 6547
1 6932
1 6954
1 8741
1 11915
1 16410
1 257
1 14642
1 4898
1 13283
1 1678
1 10005
1 8929
1 3523
1 2257
1 3311
1 9417
1 2558
1 9901
1 1113
1 10188
1 5298
1 5451
1 12170
1 78
1 9114
1 4002
1 5116
1 266
1 16359
1 15828
1 402
1 1400
1 2240
1 1800
1 6555
1 3714
1 14028
1 4328
1 7455
1 857
1 10550
1 16959
1 35
1 14
1 2335
1 13324
1 7448
1 451
1 16966
1 1531
1 9993
1 3747
1 15821
1 4081
1 1384
1 9545
1 1370
1 2552
1 15815
1 16889
1 13565
1 11113
1 4069
1 3113
1 5479
1 8764
1 2345
1 9
1 5795
1 1674
1 9910
1 13638
1 7795
1 8302
1 666
1 173
1 8224
1 5525
1 13055
1 9460
1 8818
1 8482
1 1700
1 4002
1 2351
1 3091
1 9657
1 7937
1 9734
1 16922
1 9766
1 9758
1 11140
1 6933
1 14655
1 7769
1 6687
1 9240
1 7162
1 2711
1 15098
1 4228
1 4130
1 9164
1 27
1 12765
1 15294
1 6818
1 807
1 16506
1 13765
1 9164
1 3256
1 10709
1 50
1 7640
1 13653
1 4591
1 7248
1 4920
1 15840
1 1873
1 1357
1 15221
1 888
1 14113
1 8211
1 1762
1 16746
1 341
1 10838
1 3350
1 5854
1 880
1 1712
1 13713
1 925
1 12015
1 8750
1 5267
1 10752
1 6848
1 13555
1 6562
1 13924
1 3519
1 714
1 3729
1 9006
1 1766
1 14566
1 10484
1 3456
1 7141
1 14594
1 3981
1 9641
1 8584
1 2477
1 4672
1 7997
1 4636
1 1130
1 5690
1 402
1 9648
1 8392
1 2216
1 12962
1 13027
1 13765
1 11870
1 7977
1 14701
1 6476
1 3591
1 3688
1 793
1 13364
1 1293
1 6401
1 8723
1 13590
1 2389
1 10989
1 9796
1 14992
1 9500
1 8080
1 6275
1 48
1 3582
1 14017
1 11297
1 1886
1 9967
1 10474
1 3330
1 10521
1 2949
1 5332
1 1974
1 535
1 10182
1 9794
1 4472
1 3090
1 507
1 3377
1 3790
1 6598
1 5152
1 1090
1 7071
1 8750
1 7130
1 2166
1 897
1 755
1 3271
1 13105
1 3981
1 2400
1 8369
1 2391
1 10863
1 1760
1 12191
1 8385
1 654
1 4950
1 15380
1 7437
1 7889
1 14287
1 10498
1 16238
1 3631
1 12244
1 4327
1 1192
1 5745
1 12359
1 845
1 16226
1 12672
1 1910
1 8130
1 2482
1 12624
1 11837
1 10803
1 3507
1 13745
1 11203
1 2582
1 2994
1 8573
1 9210
1 3022
1 10085
1 5070
1 1352
1 7342
1 3414
1 2534
1 14993
1 9820
1 12237
1 1933
1 8637
1 4128
1 1725
1 2456
1 11264
1 12571
1 10089
1 9173
1 6898
1 688
1 8791
1 11260
1 6249
1 7611
1 5845
1 2345
1 226
1 7454
1 684
1 3963
1 7956
1 9359
1 9103
1 1626
1 3502
1 12183
1 10580
1 7981
1 5930
1 5576
1 7407
1 7943
1 6931
1 9989
1 3154
1 6170
1 11306
1 2294
1 399
1 2921
1 13962
1 7611
1 6994
1 7670
1 7557
1 7351
1 4260
1 13426
1 414
1 7693
1 14788
1 44
1 14195
1 2941
1 4707
1 6999
1 1192
1 15476
1 7348
1 3105
1 12223
1 5506
1 268
1 6280
1 2769
1 5265
1 2159
1 13979
1 8504
1 12487
1 8570
1 1985
1 385
1 9192
1 6858
1 11567
1 3809
1 5263
1 13662
1 86
1 2472
1 5161
1 6419
1 13662
1 14834
1 3330
1 1538
1 10643
1 8801
1 2168
1 1379
1 4518
1 2167
1 16657
1 5465
1 12514
1 2551
1 14625
1 1233
1 13601
1 2254
1 1631
1 10828
1 16874
1 5768
1 13237
1 12019
1 10505
1 9413
1 11954
1 9460
1 2943
1 2479
1 7886
1 7558
1 14264
1 9674
1 7915
1 2688
1 3021
1 16195
1 16327
1 14449
1 11762
1 6907
1 8776
1 4123
1 12383
1 16171
1 1208
1 137
1 12824
1 2920
1 11722
1 7742
1 16112
1 9392
1 1046
1 9453
1 2300
1 11551
1 6290
1 1665
1 11615
1 6195
1 2029
1 8730
1 10979
1 1339
1 364
1 28
1 8910
1 5367
1 2424
1 2208
1 2260
1 315
1 1677
1 6346
1 7958
1 13955
1 10616
1 11706
1 15620
1 491
1 211
1 2954
1 2750
1 8351
1 7831
1 6589
1 7728
1 6257
1 69
1 3357
1 15959
1 14510
1 4440
1 15422
1 10387
1 10304
1 254
1 8712
1 11686
1 6753
1 7406
1 9296
1 8449
1 1413
1 8858
1 10211
1 4107
1 226
1 2811
1 4329
1 6143
1 5346
1 9523
1 4149
1 12121
1 3021
1 13068
1 2854
1 9528
1 6401
1 10876
1 8399
1 6286
1 14607
1 9959
1 1707
1 7705
1 3726
1 8437
1 3914
1 673
1 3375
1 1062
1 14735
1 13739
1 13665
1 988
1 2876
1 7392
1 5223
1 2389
1 7902
1 13632
1 7184
1 6424
1 7075
1 5229
1 3870
1 8541
1 4534
1 3616
1 4400
1 11140
1 64
1 8768
1 639
1 11147
1 5046
1 5885
1 4279
1 3439
1 14376
1 7393
1 120
1 10393
1 2446
1 10785
1 5608
1 4548
1 5315
1 6667
1 3660
1 11802
1 13000
1 22
1 6272
1 10805
1 4786
1 3937
1 4032
1 1192
1 15199
1 10510
1 12160
1 2821
1 3303
1 14607
1 4292
1 8564
1 1115
1 4777
1 3435
1 2147
1 6790
1 80
1 13480
1 11109
1 5944
1 2562
1 1906
1 3858
1 8360
1 9773
1 54
1 6966
1 13770
1 2400
1 4436
1 4228
1 4547
1 9296
1 7219
1 1122
1 12481
1 1839
1 10493
1 13610
1 6353
1 13163
1 10681
1 16218
1 14119
1 10832
1 11642
1 1891
1 2343
1 16229
1 11135
1 11802
1 14490
1 5145
1 5129
1 5749
1 12845
1 3440
1 971
1 6101
1 3555
1 6495
1 9245
1 7712
1 7448
1 13356
1 1371
1 2144
1 129
1 3635
1 9579
1 5987
1 10944
1 3402
1 12086
1 501
1 8536
1 14804
1 8504
1 8370
1 10735
1 8028
1 9164
1 10574
1 6805
1 906
1 9702
1 2357
1 2087
1 1054
1 3175
1 14163
1 4678
1 11783
1 13664
1 6971
1 2859
1 9844
1 1071
1 1115
1 7169
1 3270
1 2172
1 284
1 17
1 10374
1 11885
1 1177
1 3790
1 10921
1 7974
1 6186
1 6484
1 14205
1 6152
1 11939
1 3844
1 5382
1 15871
1 13320
1 205
1 14116
1 6513
1 7111
1 1766
1 3089
1 8044
1 16556
1 3265
1 4823
1 14388
1 12967
1 6656
1 4352
1 9133
1 1430
1 1550
1 11897
1 9155
1 485
1 14545
1 3981
1 13640
1 8877
1 6613
1 3586
1 673
1 12245
1 7955
1 10090
1 1846
1 10983
1 3650
1 1915
1 7457
1 16342
1 12113
1 1792
1 11740
1 14535
1 14274
1 12569
1 2620
1 16317
1 8760
1 2788
1 11906
1 7286
1 2105
1 8219
1 568
1 6604
1 16224
1 7722
1 10860
1 6850
1 7200
1 10696
1 7291
1 1847
1 4266
1 3936
1 116
1 12807
1 10983
1 12962
1 4578
1 6122
1 2333
1 15097
1 4704
1 4077
1 7054
1 6676
1 14818
1 4764
1 1671
1 10274
1 2211
1 10108
1 8051
1 607
1 1796
1 16550
1 12411
1 15277
1 504
1 3638
1 12439
1 852
1 8073
1 3979
1 1903
1 16556
1 12453
1 1225
1 8989
1 8814
1 13046
1 13753
1 7982
1 3291
1 407
1 5040
1 5058
1 4637
1 10675
1 4668
1 13406
1 14384
1 14756
1 8479
1 4291
1 12026
1 10858
1 15172
1 6277
1 7972
1 11944
1 3163
1 120
1 5936
1 3675
1 6029
1 10536
1 4743
1 3820
1 15358
1 7489
1 8034
1 4384
1 1961
1 6099
1 2121
1 8445
1 14635
1 3050
1 359
1 10627
1 6348
1 16045
1 6674
1 881
1 11140
1 3466
1 10043
1 4660
1 3012
1 6456
1 14002
1 5989
1 6652
1 6494
1 679
1 3686
1 13732
1 791
1 4098
1 891
1 7752
1 10202
1 13764
1 9669
1 3178
1 3843
1 4001
1 567
1 10235
1 982
1 16492
1 2904
1 4105
1 13676
1 2964
1 9780
1 5985
1 7151
1 4674
1 5927
1 13690
1 9164
1 8343
1 3579
1 12377
1 16093
1 8853
1 14632
1 2883
1 9526
1 8931
1 6997
1 5007
1 14326
1 4032
1 2798
1 2112
1 15714
1 12423
1 7001
1 9661
1 13698
1 14943
1 7838
1 400
1 9984
1 4805
1 1997
1 5755
1 11
1 380
1 13107
1 12328
1 2879
1 9219
1 760
1 1435
1 10242
1 10839
1 14677
1 16035
1 981
1 3678
1 4181
1 4176
1 6896
1 6739
1 8893
1 4045
1 16422
1 11271
1 11953
1 13183
1 3096
1 2235
1 11328
1 6615
1 10043
1 2917
1 4261
1 4966
1 3698
1 13700
1 15
1 12606
1 1928
1 15725
1 10053
1 8900
1 13055
1 15815
1 14266
1 2323
1 3981
1 941
1 12942
1 7618
1 5509
1 8058
1 3242
1 3767
1 880
1 740
1 15247
1 2454
1 8643
1 9508
1 506
1 13625
1 369
1 7196
1 16482
1 14007
1 12664
1 9872
1 16566
1 15828
1 7763
1 7513
1 1073
1 2390
1 13659
1 8611
1 7763
1 3657
1 3561
1 10674
1 9625
1 5161
1 2878
1 7435
1 5275
1 3561
1 3601
1 16078
1 11222
1 2198
1 3905
1 3711
1 14101
1 1317
1 2304
1 9392
1 981
1 6855
1 6256
1 10748
1 16078
1 8158
1 1719
1 13466
1 5144
1 9420
1 5157
1 11734
1 2164
1 12413
1 15600
1 14920
1 3795
1 12899
1 1169
1 12848
1 764
1 2227
1 3775
1 4518
1 10605
1 15537
1 8842
1 13728
1 6706
1 15469
1 13750
1 9965
1 6162
1 3521
1 5298
1 1858
1 914
1 12287
1 3381
1 10962
1 70
1 2176
1 8350
1 2864
1 178
1 1490
1 13635
1 12666
1 4865
1 4431
1 6663
1 10264
1 3839
1 4498
1 3647
1 9586
1 16089
1 15468
1 1130
1 13272
1 6537
1 3610
1 2167
1 10444
1 8479
1 3091
1 6405
1 392
1 15139
1 3146
1 11330
1 2908
1 948
1 12010
1 14664
1 11193
1 1024
1 2029
1 8798
1 8710
1 1179
1 5830
1 9959
1 4852
1 2094
1 4796
1 10218
1 8448
1 6633
1 13246
1 2577
1 16904
1 1313
1 11503
1 7193
1 13972
1 1313
1 11999
1 6151
1 6729
1 6298
1 4247
1 14419
1 13068
1 11043
1 5970
1 7590
1 2640
1 9674
1 9019
1 13774
1 15201
1 9768
1 2383
1 265
1 1503
1 10063
1 9594
1 16547
1 1277
1 3191
1 16
1 9707
1 147
1 4547
1 3704
1 15130
1 3604
1 14
1 8603
1 8443
1 2983
1 16045
1 7157
1 8959
1 300
1 652
1 9123
1 2256
1 7983
1 12331
1 15197
1 481
1 8791
1 483
1 12293
1 2269
1 6698
1 888
1 9388
1 3923
1 6141
1 9597
1 9803
1 9879
1 7649
1 9774
1 11091
1 7397
1 15840
1 14894
1 11448
1 3895
1 3611
1 810
1 2517
1 11159
1 1948
1 5913
1 12920
1 10721
1 1730
1 14453
1 11221
1 11166
1 16615
1 845
1 16785
1 7281
1 2147
1 1709
1 10120
1 11981
1 8066
1 375
1 13740
1 9690
1 11618
1 13717
1 12478
1 11230
1 15992
1 9788
1 3740
1 3091
1 3103
1 9159
1 10707
1 79
1 11731
1 251
1 10
1 5949
1 10887
1 7001
1 15110
1 11138
1 11050
1 6359
1 10401
1 2256
1 6301
1 3523
1 3170
1 15979
1 16709
1 5257
1 238
1 10316
1 514
1 4421
1 9509
1 7545
1 967
1 4274
1 12098
1 3052
1 2351
1 2472
1 5161
1 2221
1 3271
1 10657
1 731
1 10651
1 4896
1 7104
1 16269
1 3981
1 16495
1 2480
1 7826
1 5363
1 3709
1 240
1 1090
1 672
1 4138
1 4651
1 13671
1 2446
1 1878
1 11158
1 2226
1 13068
1 8756
1 4808
1 2162
1 13128
1 14542
1 1115
1 2082
1 7281
1 9038
1 1776
1 14476
1 12453
1 9343
1 2533
1 8882
1 7185
1 4689
1 1213
1 8230
1 294
1 9169
1 3199
1 5146
1 2256
1 13888
1 1001
1 9449
1 9618
1 3089
1 14051
1 1338
1 935
1 1880
1 4706
1 11030
1 9209
1 7120
1 10430
1 469
1 11776
1 2261
1 1830
1 348
1 14164
1 10444
1 818
1 15085
1 7941
1 12363
1 4020
1 8246
1 10944
1 14062
1 12123
1 5002
1 2481
1 16155
1 7518
1 13676
1 14363
1 7510
1 3517
1 2620
1 11810
1 3293
1 564
1 5247
1 43
1 10200
1 16394
1 16849
1 3784
1 12785
1 25
1 1005
1 6408
1 14270
1 12206
1 13316
1 191
1 79
1 11379
1 7374
1 13761
1 12522
1 14059
1 9068
1 6992
1 6964
1 3078
1 16860
1 8158
1 7415
1 16072
1 3708
1 9823
1 11512
1 6570
1 1192
1 16482
1 1960
1 1837
1 4944
1 7211
1 4091
1 7952
1 4942
1 4632
1 9392
1 10900
1 3637
1 11303
1 5749
1 2389
1 14009
1 10046
1 10842
1 13303
1 5173
1 1075
1 1631
1 7826
1 7719
1 13234
1 6218
1 450
1 12631
1 9591
1 1754
1 2186
1 1565
1 814
1 4175
1 14842
1 11019
1 13161
1 14745
1 861
1 7921
1 6524
1 11761
1 14165
1 10324
1 3017
1 3772
1 13512
1 16871
1 5258
1 4604
1 4083
1 4173
1 13717
1 2271
1 10685
1 11584
1 4648
1 3223
1 8867
1 1660
1 9144
1 5347
1 16115
1 10349
1 14
1 7306
1 1401
1 3371
1 14988
1 5039
1 7956
1 4230
1 11328
1 1200
1 378
1 1111
1 12829
1 8173
1 12875
1 6416
1 6071
1 1035
1 11028
1 8076
1 14559
1 8081
1 13508
1 5966
1 3726
1 1014
1 12364
1 6679
1 15093
1 43
1 9164
1 2701
1 1187
1 5752
1 7842
1 2900
1 13979
1 2435
1 6767
1 3254
1 1188
1 2962
1 9103
1 15222
1 16309
1 10195
1 4913
1 12229
1 7484
1 33
1 952
1 9768
1 2594
1 5919
1 8131
1 5486
1 8569
1 15074
1 8446
1 4626
1 7435
1 7417
1 10056
1 11629
1 4644
1 10043
1 4984
1 12682
1 10020
1 16527
1 1304
1 2284
1 13810
1 9554
1 4209
1 7855
1 7609
1 2979
1 8318
1 9315
1 10760
1 6548
1 16321
1 4065
1 10685
1 6610
1 6355
1 11758
1 881
1 2074
1 12253
1 3104
1 16634
1 13847
1 7952
1 3103
1 8785
1 2851
1 13402
1 10531
1 4795
1 12252
1 5092
1 10776
1 12514
1 4899
1 5479
1 9727
1 4808
1 10204
1 7498
1 3037
1 7209
1 11167
1 2093
1 6838
1 9692
1 6224
1 14109
1 1843
1 1547
1 667
1 773
1 5939
1 13656
1 5546
1 14835
1 3285
1 1142
1 16152
1 11864
1 1019
1 13745
1 15975
1 4759
1 3440
1 16358
1 12469
1 3686
1 5983
1 5412
1 48
1 16037
1 6200
1 880
1 6090
1 13145
1 14153
1 7820
1 1652
1 8644
1 6078
1 7969
1 13449
1 13442
1 482
1 3609
1 10905
1 15440
1 4510
1 5002
1 666
1 5501
1 7758
1 13591
1 9164
1 1029
1 14694
1 6811
1 16648
1 13559
1 1343
1 10697
1 3574
1 6218
1 12723
1 3726
1 9526
1 14860
1 9141
1 1306
1 8904
1 3976
1 12072
1 216
1 7981
1 4812
1 1394
1 15790
1 2798
1 189
1 4649
1 14532
1 5675
1 12585
1 4435
1 7340
1 8186
1 6803
1 1252
1 10484
1 14083
1 4823
1 16601
1 11372
1 4838
1 13055
1 520
1 2261
1 15093
1 6910
1 14276
1 267
1 13048
1 14953
1 4932
1 7447
1 6029
1 13582
1 7864
1 69
1 3847
1 8715
1 13155
1 13898
1 2398
1 14603
1 14311
1 5323
1 4179
1 5761
1 14935
1 6352
1 6116
1 7509
1 6449
1 15652
1 3410
1 9253
1 10482
1 12769
1 9312
1 7977
1 2299
1 8044
1 9984
1 12205
1 9585
1 8884
1 3927
1 10752
1 10671
1 10451
1 8196
1 830
1 9996
1 477
1 11850
1 3795
1 5192
1 15332
1 16110
1 11729
1 13218
1 2318
1 8892
1 807
1 601
1 16141
1 9103
1 10093
1 10285
1 9710
1 7972
1 1154
1 12367
1 4817
1 8620
1 11493
1 2424
1 1145
1 2350
1 9126
1 1756
1 10139
1 505
1 8696
1 11332
1 13489
1 9394
1 7905
1 5820
1 5455
1 2087
1 5899
1 4179
1 4942
1 11218
1 1518
1 10572
1 4780
1 13249
1 8729
1 882
1 3096
1 1930
1 9463
1 5356
1 679
1 7840
1 7356
1 4585
1 13443
1 14627
1 14902
1 16735
1 14072
1 16429
1 5030
1 5066
1 2293
1 9024
1 1475
1 4879
1 5123
1 3569
1 16223
1 594
1 7571
1 7170
1 6080
1 10026
1 7838
1 8759
1 4226
1 10046
1 1761
1 11626
1 4224
1 8523
1 1928
1 16818
1 2873
1 14737
1 15
1 628
1 3591
1 12155
1 6297
1 16315
1 7117
1 4351
1 13582
1 132
1 11593
1 12511
1 16386
1 12361
1 11038
1 14394
1 15227
1 12000
1 3908
1 2853
1 1219
1 12651
1 13718
1 10337
1 10259
1 15100
1 1184
1 14808
1 615
1 12974
1 14503
1 1272
1 9809
1 281
1 1181
1 707
1 11161
1 9573
1 3722
1 14166
1 10828
1 4740
1 1225
1 2980
1 14349
1 9697
1 3302
1 6532
1 2892
1 215
1 4478
1 1763
1 2770
1 5675
1 1691
1 2279
1 15420
1 5328
1 8418
1 7594
1 13077
1 6495
1 4281
1 7810
1 1170
1 8058
1 1816
1 4508
1 3605
1 2388
1 10850
1 12228
1 4499
1 10681
1 15437
1 16267
1 2769
