0
0
0
1 1844
1 1666
0
0
0
0
1 3825
2 850 4913
1 4618
0
0
6 72 1425 1755 3801 4840 5130
4 159 1169 4652 5474
3 1332 2118 4833
3 1468 2182 4394
0
0
0
0
2 2589 4287
0
0
1 5040
0
4 1056 1577 2076 3862
4 377 1597 2854 4178
2 91 2722
0
0
0
2 1579 5179
0
1 3800
0
1 1330
0
3 551 663 1052
0
0
0
3 3546 5034 5159
1 4079
0
0
3 1199 3398 3557
2 3948 5271
0
3 228 3101 3872
0
1 2492
0
1 4316
1 1252
0
0
0
0
0
0
2 2307 3603
1 2661
3 653 975 4266
1 2133
0
1 2601
0
3 3078 4201 5350
3 2105 3664 4752
0
0
0
0
0
2 2541 3479
1 2478
1 3781
2 4910 5047
1 4307
0
0
0
0
0
1 4107
0
0
0
0
0
0
1 3659
0
2 946 1183
0
1 2406
0
0
0
0
0
0
0
0
1 111
0
0
0
0
1 577
0
0
0
1 221
1 4472
0
0
0
5 1533 2240 3552 4276 4530
1 557
0
0
0
0
0
0
0
1 4358
0
0
1 5483
0
0
1 1634
2 2739 3082
1 4158
0
0
0
0
0
0
0
0
0
2 94 4835
1 263
0
0
0
0
0
0
0
0
0
0
0
0
0
0
0
0
0
0
0
0
0
1 2647
1 2579
0
1 3833
0
0
0
1 2322
1 4756
0
2 625 1764
0
0
0
2 2383 2829
0
0
0
0
2 3531 5320
0
2 870 5046
0
1 795
0
0
0
0
0
0
0
0
1 1603
0
0
2 841 4410
0
0
1 2857
2 834 967
0
3 510 2255 4193
0
0
0
1 5523
1 5314
0
0
0
1 3279
1 3708
0
0
0
0
3 2507 4044 4220
0
0
0
0
0
1 2195
0
0
0
0
0
2 1131 4929
1 1934
2 2334 4956
0
0
1 616
0
1 1397
0
2 1289 3148
0
2 960 1083
2 3047 3503
1 4912
1 194
0
1 4209
0
0
1 3763
0
0
0
0
1 657
0
1 892
1 4826
3 321 1175 3785
4 767 1370 1405 5342
1 4090
1 290
0
0
1 2377
0
0
0
1 1530
0
0
0
0
3 1116 2461 5507
0
0
1 4393
0
1 507
0
0
0
0
0
0
2 665 2004
4 261 585 1351 4986
0
0
0
0
0
1 4847
0
0
1 2754
0
1 1911
0
0
0
0
2 2311 2810
0
1 1525
0
0
1 4184
0
0
0
0
0
0
0
1 2630
0
0
0
0
2 900 3654
0
0
0
0
0
0
4 277 3123 3482 3592
0
0
0
0
0
1 3887
0
0
0
0
0
0
2 3542 5009
0
0
0
0
1 1761
0
0
0
0
0
1 4547
0
0
0
0
1 4177
0
0
0
0
3 1954 2807 4678
0
0
0
2 1075 1915
1 14
1 4896
0
0
1 5140
0
2 3525 4619
0
0
0
0
1 4100
0
0
0
0
0
0
1 4779
0
0
0
0
0
0
1 4066
3 1832 2400 4613
0
2 3788 3922
0
1 1531
0
0
1 4512
0
0
1 1478
0
0
0
1 4076
0
0
0
0
0
0
0
0
0
0
1 155
0
0
1 737
1 409
1 3469
0
0
0
2 3118 3340
0
2 223 696
0
0
1 3412
0
0
2 670 1356
1 149
1 838
0
0
0
0
1 1548
2 1583 5092
1 3805
1 3434
1 3050
0
0
0
1 780
0
0
0
1 3377
1 3232
0
0
0
1 1317
0
0
1 5005
0
1 2585
0
0
0
0
1 3450
3 793 1646 5386
0
0
0
1 4854
2 2641 5285
2 2696 4856
2 515 1318
1 4429
0
0
0
1 1354
0
2 1637 4192
0
0
0
0
1 815
0
0
0
1 3211
2 1162 4365
0
1 1678
3 1740 3127 4496
2 2521 5415
1 4676
2 2806 3965
0
0
0
0
0
0
1 4931
0
0
0
1 730
0
3 299 3356 5337
0
0
0
0
1 1457
0
0
0
0
3 384 802 2072
1 651
0
0
0
3 1707 1882 3960
0
0
0
0
0
0
0
0
0
1 3087
1 2846
0
0
1 2337
0
1 1180
0
1 1416
0
0
0
0
0
1 2011
0
2 227 3342
0
0
1 5032
0
0
2 1019 4576
1 4460
0
0
0
0
0
0
0
1 885
0
0
0
0
1 308
2 451 1720
0
0
0
0
0
0
1 2735
0
0
0
0
1 5457
1 105
0
0
1 269
1 2648
0
2 2042 5397
0
0
0
0
0
1 4491
0
0
0
0
0
0
0
2 908 5502
0
0
1 31
0
0
0
0
0
1 567
1 2465
0
0
2 2920 5475
0
0
0
0
0
0
0
0
0
0
1 4268
0
0
0
0
1 1194
0
1 3229
0
0
0
0
0
1 4848
0
2 375 3987
3 430 1545 2510
1 373
0
0
2 3402 3512
1 3172
0
0
0
0
0
4 868 1587 3832 5291
1 5251
1 1497
0
0
0
3 1236 1875 4958
2 4243 4436
0
0
0
0
1 2496
3 773 4563 5438
2 804 1249
0
0
0
3 1295 2028 4046
0
0
0
1 4037
1 304
1 280
1 2690
1 926
1 497
0
0
0
0
0
1 2135
0
2 711 1029
0
0
1 3313
1 56
0
1 5509
0
2 923 1273
1 3295
0
0
0
1 3904
1 1747
2 2524 3039
0
1 3494
0
0
2 1554 3381
0
0
0
0
0
0
0
0
0
1 4945
0
0
1 668
0
0
1 1242
1 2771
0
1 4671
0
0
0
1 3011
0
3 160 332 3267
0
0
0
1 1228
1 726
0
1 3581
1 3032
5 655 1122 1377 3713 3976
1 1266
0
1 683
0
2 2434 4624
0
0
0
1 4732
1 3544
0
5 1895 2152 2734 2813 3504
1 3657
0
0
0
0
1 5252
0
0
1 612
1 2021
0
0
0
0
0
0
0
0
0
0
0
0
0
1 4566
0
1 3935
0
1 3437
0
0
1 935
0
0
0
0
0
0
0
0
3 1208 3866 5396
0
0
2 2060 4876
0
0
0
2 1415 5098
0
0
0
1 5012
0
0
3 193 1931 3129
1 3705
1 15
0
0
0
0
1 2678
0
2 3411 5384
0
1 1679
0
1 3602
0
0
1 136
2 1741 2824
0
0
0
0
2 163 3672
1 444
4 2915 3554 4001 4888
0
0
0
0
0
0
1 4499
0
0
0
0
1 3797
1 139
0
0
2 1437 5104
0
0
0
1 1071
2 126 1921
0
0
0
0
1 1766
0
0
0
0
0
0
0
0
3 3891 4670 5274
2 4552 5218
1 5433
0
0
1 16
0
0
4 534 2932 3882 4860
1 875
0
2 1695 4568
0
0
0
3 3 1090 1401
0
1 3975
0
2 866 2071
1 2916
0
1 939
0
2 768 2837
0
1 4375
0
0
1 2712
0
1 2304
0
0
3 1398 3458 4748
1 2425
0
2 706 2760
0
0
0
2 1016 3662
0
0
0
2 244 3894
1 3403
0
0
1 1123
0
0
1 2758
0
1 176
1 4998
2 283 667
0
0
0
1 1582
1 4663
0
0
2 1892 2619
0
1 249
0
1 4784
0
1 824
1 3057
1 5180
1 5
0
0
1 1333
0
0
0
0
0
0
0
0
0
0
1 4935
0
0
0
1 4348
1 2790
0
0
0
0
1 1237
0
0
0
4 2333 3456 4630 4712
1 4578
0
0
0
0
0
2 1261 4249
1 3353
0
0
0
0
1 729
0
0
0
0
0
0
2 636 4992
0
1 976
0
2 2296 5041
0
0
0
2 50 2372
0
0
2 656 1198
0
1 5155
0
1 2530
0
0
1 5261
1 573
0
0
0
1 4788
0
0
2 138 1435
0
3 1326 3505 5296
0
0
1 185
2 360 550
1 1157
2 2278 5147
0
0
0
0
0
0
0
0
0
0
1 4165
0
0
0
0
0
1 2503
1 82
1 4379
1 2907
1 2518
1 3607
0
0
0
0
2 988 4245
0
0
0
0
0
0
0
0
1 4388
0
2 819 4688
0
1 5086
0
0
0
0
0
0
0
0
0
1 666
0
0
0
0
4 1660 3432 3970 4957
0
0
0
0
0
0
0
1 1408
0
0
0
0
0
1 1950
0
0
0
0
2 2347 3485
0
1 5141
0
3 414 2065 3776
2 575 1928
4 3540 4302 4389 4972
1 3711
1 725
0
0
0
0
1 4325
0
0
0
0
0
0
0
4 36 3655 3920 4770
0
0
1 2702
1 1937
1 2717
2 776 2603
1 3553
0
0
0
0
2 2213 5258
0
1 1785
1 5410
0
0
1 640
1 3328
0
0
1 2226
1 3187
2 1555 5404
0
1 3500
0
0
0
2 546 1797
0
0
0
0
0
1 467
0
0
1 4730
2 2871 5538
0
0
0
0
0
0
4 203 1793 2379 4397
0
3 1226 2933 4792
4 788 2198 2380 2944
2 2979 5508
0
0
4 2750 2955 3442 5500
0
0
1 5162
1 5170
0
1 3272
2 1948 2558
6 880 1219 3998 4084 4293 5065
1 3094
1 3463
0
1 59
0
1 114
3 233 2022 3167
2 957 5139
0
0
6 1524 1619 1966 2294 3139 3436
0
0
0
1 1388
2 438 4157
4 264 2581 2596 3543
0
0
0
3 218 3076 4984
0
0
0
0
0
2 3404 5494
0
0
0
0
0
2 4505 5516
0
0
0
0
1 3043
0
1 560
1 4126
1 3521
0
0
0
0
0
2 55 2291
0
2 191 2781
0
0
0
2 3350 3749
0
0
0
0
0
2 2573 5329
0
0
2 2143 2157
1 1784
0
0
2 661 3283
0
0
1 2819
0
1 1758
0
0
0
0
0
0
0
2 2707 5505
0
0
0
0
3 1872 3373 4831
0
0
0
0
0
0
0
0
0
0
0
0
0
0
0
1 3937
0
0
0
0
0
0
0
0
0
0
2 1953 5200
0
1 5310
0
0
1 1605
0
0
0
4 2884 3732 4804 4808
0
0
0
2 137 4709
0
0
0
0
0
0
0
1 2984
0
0
0
0
0
1 1932
0
0
1 2591
0
0
0
2 3157 4997
1 4176
0
1 1638
1 2860
1 5301
0
2 404 3440
1 2427
0
1 1964
0
0
1 3258
1 4020
3 1612 2526 3488
0
0
1 410
2 765 3880
1 1251
0
1 2250
0
0
0
0
0
0
0
0
0
1 3814
2 2644 4356
0
0
0
0
2 2153 2245
0
0
1 4118
0
0
1 564
2 1328 2936
1 3812
0
0
0
0
0
1 1140
0
0
0
1 5317
1 2539
0
0
2 3332 3570
1 2043
1 3789
3 845 2616 5132
1 459
2 821 930
0
1 1863
1 3335
0
0
0
0
0
1 3306
1 4216
1 2516
1 1040
0
0
1 1663
0
0
0
0
0
0
0
0
1 2166
0
0
2 240 4425
0
0
1 2330
0
2 2193 4625
1 1267
0
0
0
3 2419 2763 3226
1 2660
0
1 3734
1 2684
1 2832
0
0
0
0
0
0
0
0
0
1 2577
0
0
0
0
1 2490
0
0
0
0
0
1 3301
0
1 2785
0
0
0
1 739
0
0
1 5452
0
2 1176 2570
0
0
0
0
0
0
0
0
0
0
0
0
1 4757
1 2423
0
0
0
1 2063
0
0
0
1 2815
0
0
1 1661
1 4827
0
0
0
0
1 673
0
0
0
0
0
1 2798
0
0
1 2568
1 5428
2 247 1519
0
1 2154
1 1409
0
0
0
0
2 1874 3016
0
0
1 2967
1 3807
1 1002
0
0
0
0
0
3 1941 2341 4114
0
0
1 2134
0
0
0
0
0
1 5250
0
0
1 4426
0
0
0
0
0
0
1 705
0
0
0
1 713
2 2945 3074
0
0
1 5097
0
0
1 2737
0
0
0
1 1838
0
0
0
0
0
0
0
0
1 3625
0
0
0
1 2595
0
0
0
0
0
0
0
0
0
0
0
0
0
0
0
0
1 20
1 993
0
0
0
0
0
0
0
0
1 3370
1 1746
0
0
0
1 1120
0
0
0
0
0
0
0
0
1 4051
0
0
0
0
2 4129 5087
1 3736
0
0
0
0
0
0
0
1 345
0
0
0
1 901
0
0
0
1 1794
0
1 3753
0
1 5279
0
0
0
0
1 1164
0
0
1 5125
0
0
0
0
5 691 1473 1910 2989 4170
0
0
3 445 1211 2336
0
0
1 4486
0
0
1 3827
0
0
3 2866 3310 4185
1 3767
0
0
0
0
0
0
0
0
0
0
0
0
1 5528
0
1 3322
0
0
0
0
0
0
4 92 1011 1522 3840
0
0
0
2 3069 3083
0
0
1 4238
0
1 4892
0
1 300
1 3892
0
1 2236
0
0
0
1 1880
1 4718
0
0
0
0
0
1 4030
0
0
0
0
2 2233 4883
0
0
2 1455 2271
0
0
0
0
0
1 503
0
0
0
0
0
0
0
1 2515
0
0
0
0
1 1341
0
1 5095
1 1118
1 5413
1 41
0
1 847
2 913 3984
1 5466
1 3885
3 293 1458 5525
1 1298
0
4 3192 3535 3907 4414
4 2 1544 1914 2987
0
0
0
0
0
2 1961 2413
1 2178
0
3 2405 3368 4976
1 2449
0
0
1 1013
0
1 1556
0
0
0
0
1 2397
0
1 1168
0
0
1 4447
0
1 3483
0
3 1727 1850 4492
0
0
0
1 3791
0
0
0
0
0
1 603
0
0
0
1 439
2 80 1665
0
0
0
0
1 5540
0
0
1 87
0
0
2 676 2618
0
0
0
0
0
0
0
1 5008
0
0
1 3687
1 1690
0
0
1 5068
0
1 4327
0
0
0
1 5249
0
0
1 4440
1 4469
0
1 755
0
0
1 109
0
0
1 566
0
0
1 4747
0
0
1 2385
0
0
0
0
1 3341
0
1 1191
1 3216
0
0
0
1 3879
0
0
1 2130
0
1 4963
0
2 1222 4999
0
0
0
1 45
0
1 3952
0
1 3528
0
0
2 554 4337
0
0
0
0
0
0
1 740
0
0
0
1 3520
2 1685 4502
0
0
1 4312
0
1 1058
0
2 2488 4004
0
1 1466
0
0
3 1610 3297 4443
1 2627
0
2 1325 3508
1 170
0
0
1 1087
0
0
0
0
1 1342
2 4654 5470
1 873
2 3396 5435
0
0
2 88 4027
0
0
0
3 1064 1879 2794
0
0
0
0
0
0
1 3591
0
2 1886 3059
0
2 3302 4879
0
0
1 42
0
1 2751
0
1 1055
0
0
0
0
2 3443 5067
1 4541
0
0
1 259
0
0
0
0
0
0
0
1 3729
0
1 3959
1 433
0
0
0
0
1 400
0
0
0
0
1 4099
0
2 93 801
0
0
0
1 3715
0
0
0
2 1604 1958
0
1 4616
1 1801
0
1 378
0
0
0
0
0
0
0
1 181
1 2352
1 1780
1 618
0
1 3519
0
0
0
0
2 2260 3506
0
0
0
0
0
0
0
0
1 2537
0
3 3619 4173 4789
0
0
1 363
0
0
0
1 2820
0
1 1884
0
1 339
0
0
0
1 1769
1 116
0
0
1 30
0
0
1 1776
0
0
0
0
1 3666
1 2606
0
0
0
0
0
0
0
0
0
0
0
0
0
0
0
0
1 5219
0
0
1 1363
0
0
0
1 1960
1 4973
0
0
0
0
4 1515 2190 4378 5423
0
0
0
0
0
1 5244
1 4796
1 9
0
0
0
0
0
0
0
0
0
1 4458
0
0
2 883 1798
0
0
0
1 4605
0
0
0
0
0
0
0
0
2 1167 4543
0
0
0
0
0
0
0
1 1390
0
0
0
0
0
0
0
1 2234
1 2939
0
0
0
1 1348
0
2 3294 4357
0
1 1788
3 3579 4305 4891
0
0
0
0
0
0
0
0
1 2418
0
0
3 1245 2447 4094
0
0
1 4969
1 3141
2 2887 4724
0
2 3428 3974
3 1857 4120 4774
2 188 4117
0
0
0
2 3215 4392
0
0
0
1 4753
0
0
1 3658
2 2150 3339
0
0
0
0
0
1 5096
0
1 1900
0
0
0
0
0
1 2986
1 717
0
0
1 4705
0
1 964
1 1905
0
0
3 855 2529 3712
0
0
0
1 4182
0
0
1 4488
0
0
0
1 1523
6 630 869 2689 3487 3637 3925
0
0
0
1 3431
3 217 3576 4942
0
0
1 1606
0
1 4965
3 125 1510 4733
0
0
0
0
0
0
0
4 212 1400 1848 4643
2 34 3415
1 1323
0
0
4 833 1751 3244 3790
0
1 2331
2 495 645
0
0
0
0
0
1 813
1 1729
0
0
0
1 4128
0
3 4850 4922 4990
1 3771
0
1 2994
1 4183
2 5007 5338
0
1 396
0
0
0
0
0
2 2827 4858
1 3105
2 1809 5119
0
0
0
0
0
1 3252
0
1 5529
0
0
0
0
1 5201
0
0
0
0
1 1664
2 1148 2412
1 1881
1 708
1 5450
2 1404 4065
0
0
0
1 1414
1 5373
3 542 1836 4167
1 1274
0
0
1 4710
0
1 2553
0
1 604
0
0
0
0
0
0
0
0
1 224
1 5394
0
0
0
0
1 4661
0
0
0
1 2055
0
0
0
0
0
1 4478
0
1 3802
0
0
1 887
1 2940
0
0
0
2 2931 4338
1 3478
3 660 3824 4043
0
1 1420
0
0
3 1091 3253 5411
2 3842 4939
2 2853 2856
2 66 1846
0
0
1 2199
1 4377
1 3090
0
0
2 418 2374
0
0
0
1 735
0
0
0
0
0
0
0
0
1 2074
0
0
1 1593
0
0
0
0
0
1 4825
0
0
0
0
2 2106 5543
4 3314 3941 4253 5080
3 2599 3418 4689
3 63 1534 3982
0
1 2450
0
0
0
0
1 5355
1 162
2 3980 4319
0
0
2 1470 2545
0
1 1787
0
0
0
0
0
2 509 2318
0
0
0
0
0
0
1 2370
0
0
1 1860
0
0
2 4181 5409
0
0
0
0
0
0
0
1 3060
3 2698 2804 3707
0
1 5167
0
0
0
0
0
0
0
0
0
0
3 337 4278 4962
0
2 1871 3675
1 2459
0
0
0
0
1 4673
0
1 4031
0
0
0
0
1 1656
2 2466 2937
0
0
0
0
0
0
2 318 1599
1 2088
0
2 4108 4940
0
0
0
0
1 3916
1 3449
1 4140
1 4952
1 5022
1 4006
0
0
1 1007
0
1 958
0
1 482
0
1 2841
0
0
0
0
0
0
0
0
1 1909
0
0
0
0
0
0
0
0
2 1918 2002
0
0
0
0
0
0
0
1 4877
0
0
1 2504
1 1616
1 1366
2 664 1578
0
0
1 204
0
0
0
2 1158 3407
0
0
1 4980
1 4023
2 164 2005
0
0
0
0
1 2511
0
0
0
0
0
1 1474
0
0
0
1 2531
2 3318 4124
1 3815
0
0
0
0
0
1 3774
0
1 3000
0
1 4311
0
0
0
0
0
0
0
0
0
1 3227
0
0
0
1 1304
1 4802
0
0
0
0
1 4013
1 2540
0
0
1 3395
0
1 1630
1 3214
0
0
0
2 743 2593
1 5182
0
5 501 1248 2797 2999 3296
0
0
0
0
0
0
0
0
0
1 2349
0
0
1 1177
0
0
0
0
0
0
0
0
0
0
2 4452 5029
0
1 1396
0
0
0
1 825
0
0
1 1989
1 1206
0
0
0
0
0
0
1 3631
0
0
1 4819
0
0
0
0
0
0
0
0
0
0
0
0
1 3176
0
0
0
0
0
0
0
0
0
0
1 854
0
1 1602
0
0
0
0
2 644 3298
0
1 1898
0
0
0
0
1 1187
0
0
1 2958
1 2386
0
0
0
1 1283
0
1 4146
0
0
2 527 1639
0
0
0
0
0
0
0
0
0
1 5161
0
0
0
0
0
0
0
1 3448
0
1 3857
1 2799
0
0
2 524 3731
0
1 347
0
0
0
1 1350
0
0
0
0
0
0
0
0
1 1179
1 2875
1 1841
0
0
1 1653
1 2248
0
0
0
0
0
0
0
0
0
0
0
0
0
1 4195
0
0
0
0
1 2765
0
0
0
0
0
0
0
0
1 3308
0
0
2 135 2563
0
2 4092 5550
2 2657 5526
0
0
0
1 1843
0
0
0
0
0
0
0
0
0
0
0
2 448 3077
0
2 1082 4455
1 569
0
0
0
0
1 1959
0
0
0
3 2192 4604 5319
1 2565
1 3609
0
0
1 3240
1 1854
0
0
0
0
0
0
1 4221
0
1 2514
0
0
0
1 2018
0
1 757
0
1 4297
0
0
0
0
0
0
0
0
0
0
1 2252
0
0
0
0
0
1 3254
0
0
0
0
0
0
0
0
0
0
0
0
1 5227
2 2159 3663
3 732 1486 5493
1 4230
0
3 1738 1811 3086
0
0
1 4386
0
1 861
0
0
1 4755
0
0
0
2 216 421
0
0
0
1 2637
1 5472
0
0
2 3154 4250
1 2281
2 2032 4698
1 4622
1 2886
0
0
1 4597
0
0
0
1 1365
0
0
0
0
1 5522
1 3645
1 2498
0
0
0
0
0
1 5165
0
1 1698
0
1 4580
0
0
0
1 4783
0
0
0
0
0
0
0
0
1 4647
0
0
2 1270 4160
1 4067
0
0
0
1 1225
1 2115
0
2 3115 3218
0
1 3455
1 3638
0
0
0
1 1938
0
0
0
0
0
1 4081
1 452
1 4139
0
0
2 751 3027
0
0
2 2547 3957
0
2 857 3369
0
1 1395
1 4194
1 1449
1 895
0
0
0
0
0
1 5171
0
1 4583
0
0
1 3280
1 808
0
0
1 741
0
0
0
0
1 851
1 3632
0
3 2639 3354 5207
1 5517
0
0
2 1020 4843
0
0
0
0
0
0
0
3 496 1839 2546
0
0
1 4014
0
0
0
0
0
1 3720
0
0
0
0
0
0
0
1 2327
0
0
0
4 2297 2363 2658 4557
1 2038
1 774
0
0
1 5110
0
1 1494
0
2 4147 4228
1 4017
0
0
0
1 371
0
0
0
0
1 756
0
1 1520
0
0
0
1 5241
0
1 891
0
0
1 1331
0
0
0
0
1 792
0
0
2 516 4546
2 96 189
1 4938
0
0
0
0
0
0
0
3 646 2438 3376
0
0
0
0
0
0
0
0
1 965
1 886
1 982
0
0
0
1 13
0
0
1 5056
0
0
0
0
0
0
1 2100
1 108
1 1521
0
2 4415 4995
2 580 3964
3 3843 4777 4906
1 3017
0
0
0
3 956 4642 5434
0
0
0
1 2792
1 1256
1 858
2 4907 5225
1 5221
1 4087
0
0
0
1 1110
0
0
0
1 3821
0
0
0
0
0
0
1 3234
0
0
0
0
1 1903
0
0
2 2859 3277
0
0
0
0
1 3030
1 835
0
0
0
0
0
0
0
0
0
0
0
2 2903 4781
0
1 3008
2 483 2132
0
0
0
0
1 4062
0
0
0
0
0
0
0
0
2 2494 4529
1 1244
1 2148
0
0
0
1 127
1 4925
0
0
1 2506
0
2 3121 4380
0
0
1 4573
0
0
0
0
0
0
0
0
1 2477
0
0
0
2 121 4832
0
0
0
0
1 2952
0
0
1 4988
0
1 2548
0
0
0
0
1 2411
0
0
0
0
0
1 2801
1 2615
0
0
1 2947
0
0
0
0
0
0
1 5123
0
0
0
1 2353
1 2927
0
0
0
0
0
1 2747
0
2 1312 2421
0
0
2 1819 3627
2 478 3337
2 514 1026
1 4668
0
1 3315
0
0
0
0
0
0
0
0
0
1 5169
0
2 2624 3870
0
0
0
0
0
0
0
0
1 4418
0
0
0
0
2 1697 4391
2 3977 4943
0
0
0
0
2 568 2620
0
0
0
0
0
0
0
1 1757
1 5257
0
0
1 3116
0
0
1 4511
2 236 989
2 1142 5031
0
0
0
0
0
0
0
0
2 3697 5520
1 4298
0
1 349
0
0
0
0
0
1 3772
0
1 390
0
1 2713
0
1 2571
0
2 2287 2309
0
0
1 2485
0
0
1 827
0
0
0
0
2 3955 4113
1 849
0
1 2382
0
1 2896
2 1622 2791
0
0
0
0
0
1 714
0
0
1 2399
0
0
0
0
1 3889
1 2202
0
0
0
0
0
1 4202
0
0
0
0
0
0
0
0
0
0
0
0
0
1 5133
2 3163 3316
0
0
1 4244
0
1 3966
0
0
0
3 260 3168 4750
0
0
0
0
1 417
0
0
0
0
0
1 1814
0
0
0
0
0
0
0
0
0
1 4363
0
1 1594
0
1 1097
0
0
0
2 2079 5367
0
0
0
2 28 4022
0
0
0
0
1 44
0
0
0
0
0
0
0
0
1 2360
0
0
1 1570
0
0
0
1 4304
1 2080
0
0
1 4273
3 2196 4347 5265
1 183
0
0
0
1 8
0
0
0
0
0
0
0
0
0
0
2 3190 3910
0
0
1 963
0
1 3410
0
0
0
2 447 2229
1 4554
0
0
0
0
2 2362 2985
0
0
0
0
0
0
1 489
0
1 3646
0
0
1 1479
0
0
0
0
0
0
2 1670 3701
0
0
0
0
1 899
0
0
1 718
0
1 3706
0
2 3439 4052
0
0
0
1 491
1 4010
0
1 1513
1 1149
0
0
0
2 298 2674
0
1 492
1 5028
1 992
1 3903
0
1 4745
0
3 3045 3770 4924
0
0
0
0
0
0
0
0
0
0
0
0
0
0
0
0
0
1 3601
0
0
1 684
0
0
0
0
0
0
0
0
0
0
1 4350
0
0
0
1 521
0
2 4694 4701
0
1 1581
0
2 582 3472
0
0
0
4 1392 2508 2703 5455
1 1699
0
0
0
1 5303
2 391 2376
0
0
0
2 1575 4592
0
0
1 3949
1 2052
0
0
1 4435
1 2160
0
1 799
0
5 17 2898 3177 3933 5476
0
0
0
2 294 997
2 1786 1859
0
1 2830
0
0
1 4702
0
0
2 1134 4839
1 5542
0
1 1489
0
1 5286
1 4773
1 4875
1 1890
0
0
0
2 1913 4263
0
0
1 2879
0
0
0
0
0
1 697
0
0
0
0
0
1 3995
0
0
0
1 4359
1 197
3 3233 3710 5077
4 346 1068 2812 4497
1 3235
0
0
0
1 1902
0
0
0
3 434 3447 4766
0
0
1 4442
0
0
0
0
0
1 226
1 4693
0
0
3 10 1093 4284
0
1 1674
0
0
0
2 29 1765
0
0
1 2371
0
0
0
0
0
1 4532
0
2 559 1502
1 4631
1 2642
0
0
0
0
0
0
2 4564 5268
1 3064
1 3934
0
0
0
0
0
0
0
0
0
1 4650
0
0
0
0
0
1 4837
1 2629
0
0
1 5061
1 4955
0
1 4707
0
0
1 3793
0
0
0
0
0
0
1 2081
3 2389 3307 5512
0
0
1 1957
5 701 3688 4240 5154 5306
0
0
1 3905
1 3275
0
0
0
0
1 1527
0
0
0
0
2 2127 4905
0
0
0
0
1 2137
0
1 3809
0
1 2766
1 1782
0
0
0
0
1 1279
1 1277
0
0
0
0
0
1 1021
0
0
0
0
1 4669
0
1 574
0
0
1 5111
0
0
2 1608 4734
1 296
0
0
0
0
0
0
0
2 220 5038
0
0
0
0
0
2 3967 4398
0
0
0
0
2 4728 5388
1 3756
0
0
0
0
0
0
0
0
2 2007 2724
0
0
1 2757
1 4104
0
0
0
0
0
0
0
0
0
0
1 4536
0
0
0
0
0
0
1 3207
0
0
0
0
0
0
0
0
1 3611
0
1 2338
1 4764
0
1 1662
1 1851
2 2610 4574
1 4406
0
0
1 5351
0
1 1463
0
0
0
0
0
0
0
0
1 4313
0
0
0
0
1 2381
1 2823
0
2 366 2756
0
0
0
2 3522 4260
0
0
0
0
1 2239
0
0
0
0
0
0
0
0
0
2 76 1971
0
1 2975
0
1 2020
0
0
0
0
0
1 4874
0
0
0
0
1 3309
1 1136
0
0
0
1 4706
0
2 1537 1737
1 5492
0
0
0
0
0
1 4242
0
0
1 3317
0
1 1985
0
0
0
1 4862
0
0
0
1 5379
0
0
2 1114 1823
0
0
0
0
1 158
1 4471
1 4291
0
0
0
0
0
0
1 1472
0
0
0
0
1 2748
0
1 2746
0
0
0
0
0
0
0
0
0
0
1 3220
1 4047
0
0
2 1195 3174
0
0
0
0
0
1 2743
0
0
0
1 5312
0
0
1 4501
1 2811
10 1753 1835 2816 3465 3750 3913 3979 4431 4662 4950
1 1804
0
0
0
1 3612
0
0
0
0
0
0
0
0
0
0
0
0
0
0
1 4575
2 3783 3841
0
0
0
0
1 539
1 2777
0
0
0
1 2310
0
0
0
1 490
1 2868
0
0
2 722 5016
0
2 1540 1826
0
1 614
0
0
0
0
1 3668
0
0
2 4292 4603
0
0
0
1 107
0
0
0
0
0
0
0
0
2 1218 4637
0
0
0
1 533
3 284 350 2119
0
0
1 2910
0
0
0
0
0
0
1 471
1 2789
0
0
0
1 5213
0
1 1202
0
4 440 1807 2084 3820
0
1 530
1 2809
0
0
1 2261
0
2 2938 4481
0
0
0
1 3811
0
1 5116
1 3097
0
0
0
0
0
1 3324
1 5071
0
0
0
1 2332
0
0
1 4567
0
0
0
0
0
0
1 4581
0
1 4219
0
0
0
0
0
0
0
0
0
0
0
0
0
0
0
2 2169 4154
0
0
0
0
2 2608 4029
1 1440
2 124 3860
0
0
0
1 464
0
0
0
3 323 2392 4959
0
0
0
0
0
0
0
0
0
1 112
1 4226
0
0
0
0
0
0
0
0
1 348
0
0
0
0
0
0
1 1754
0
0
0
0
0
0
0
1 5117
1 110
2 2035 5099
1 4633
0
0
6 2096 2651 2741 3079 5359 5425
0
1 4632
0
0
0
0
1 1447
0
0
0
0
1 3110
0
1 1993
0
0
0
0
0
0
0
0
1 1645
1 2918
0
0
3 1066 1423 3319
1 2068
0
1 5204
0
1 454
1 3406
0
0
0
0
1 3331
0
0
0
0
0
0
1 5468
1 2523
1 5464
0
2 3859 4321
0
1 5137
0
0
0
1 3527
0
0
0
0
0
0
0
0
0
1 3523
0
0
2 431 4813
0
0
0
0
1 1271
0
0
0
0
1 292
1 3630
1 1184
1 4074
1 4648
0
0
0
0
1 4470
0
1 3013
0
0
0
0
0
1 4936
0
0
0
0
1 4272
0
1 5536
0
0
0
1 3742
0
0
0
2 2114 2513
0
1 4522
1 4300
1 2267
0
0
0
0
1 2098
0
0
0
0
1 2738
0
0
0
0
0
0
0
0
1 863
0
0
0
1 436
0
0
0
0
0
0
0
0
0
1 1514
2 1743 3997
1 3795
2 977 4222
0
1 1037
0
0
1 2926
2 1086 3747
0
1 1986
0
0
0
0
0
0
2 70 1651
0
2 1873 2404
0
0
0
0
1 5481
1 4423
0
0
0
1 3347
0
0
0
0
0
0
0
0
0
0
0
0
0
1 133
0
0
0
0
0
0
0
0
0
0
0
0
1 538
1 4540
0
0
0
0
0
0
0
0
0
0
0
0
1 230
0
0
1 4264
0
0
0
0
0
0
1 1406
1 12
0
0
0
0
1 3616
2 2061 2415
1 912
1 1284
0
0
0
1 1511
3 103 893 4932
1 2653
0
0
0
0
0
0
0
1 2731
1 4761
1 1803
0
0
2 3745 5325
1 4320
0
0
0
1 4205
1 179
0
0
0
1 3497
0
0
0
0
1 2323
1 511
0
0
0
0
0
0
1 2851
0
0
0
2 89 1023
1 2617
0
0
0
0
0
0
0
0
1 3963
1 3452
0
0
0
0
1 5524
1 605
1 1648
0
0
0
1 2241
0
0
0
0
0
0
0
0
0
0
0
2 1014 2321
1 1789
1 4765
1 5546
0
1 1357
0
0
0
0
0
1 3247
2 916 5541
0
1 5289
0
0
1 3171
0
0
1 3385
0
3 832 4119 4735
0
0
0
0
0
0
1 762
0
0
0
0
0
1 190
1 1498
0
1 4262
0
0
0
0
0
0
0
0
0
0
0
0
2 4322 4836
1 4281
0
0
0
0
1 794
0
0
0
0
0
0
0
0
1 198
0
0
1 2358
0
0
1 3547
0
0
0
0
0
0
0
0
2 2883 3166
1 4476
1 998
1 629
0
0
0
0
3 146 615 5441
0
0
0
0
0
1 3875
0
0
0
0
0
2 1324 2512
1 3107
0
0
0
0
0
1 5115
0
0
1 2303
0
0
0
0
0
0
0
0
0
0
1 2326
0
0
1 3725
0
0
0
0
1 5189
0
0
0
0
0
1 5074
1 613
0
0
1 3919
1 4515
0
0
0
1 2633
0
0
1 5194
0
2 903 2205
0
3 165 1949 5122
1 5321
1 2803
1 4960
0
0
0
0
0
1 2825
0
0
1 4556
1 3490
0
0
0
0
1 2528
0
1 4517
1 1536
0
0
1 3917
0
1 4587
0
0
0
1 4382
0
0
0
0
0
1 1209
0
0
0
0
3 1028 2666 4983
0
0
1 961
0
0
0
1 2911
0
0
1 2991
0
0
1 874
0
1 4480
0
1 5000
1 4082
0
0
0
0
0
0
0
0
1 1045
0
0
1 920
0
0
0
0
0
0
0
0
0
0
0
0
0
0
1 3271
0
1 119
0
0
0
1 5515
1 1241
1 2317
2 1600 4535
1 624
0
0
1 587
1 1553
0
0
0
0
0
0
1 680
0
0
0
2 3325 5264
1 3255
1 2049
0
1 3382
1 4485
0
0
1 763
0
0
0
0
0
0
0
2 531 3194
0
2 1500 4303
1 879
1 309
2 325 5430
2 331 2463
0
0
0
0
1 4290
0
0
0
0
0
0
0
0
1 5230
1 4797
1 3486
1 897
0
0
0
0
0
0
2 2110 4615
0
0
5 994 1347 1374 4968 5238
0
0
0
3 2752 3336 5316
0
0
0
0
1 5406
0
0
3 101 1655 3430
1 1866
0
3 3268 4419 5332
1 2408
0
0
0
0
0
0
1 809
0
0
1 2588
0
0
0
1 5335
1 687
0
2 424 3040
0
1 1036
1 2116
0
0
1 2136
1 450
1 171
0
0
1 4795
1 1673
0
1 3367
0
0
0
1 1085
0
1 2845
0
0
0
1 4760
0
0
0
0
0
1 255
0
1 35
0
0
0
0
0
1 5453
1 207
0
0
1 2222
0
1 177
0
0
0
0
0
0
0
0
0
1 1185
2 406 4947
0
1 3765
1 5235
0
0
0
0
0
0
0
0
0
1 2249
0
0
0
1 5176
0
0
0
0
0
0
1 3877
0
0
1 3022
0
2 1041 3106
0
0
0
0
0
2 144 2316
2 1831 5345
0
0
0
0
0
1 2301
1 2361
0
0
3 2542 5073 5426
1 1081
1 5069
0
1 3147
1 565
0
0
1 3988
0
0
1 11
0
0
0
1 1864
1 420
0
0
1 1710
1 727
0
0
0
1 4649
0
1 2282
0
0
0
1 2168
0
0
0
0
0
0
0
1 3476
1 1143
0
1 3399
1 5196
0
0
0
0
0
0
0
0
0
0
0
0
0
1 1586
0
0
0
3 2246 5021 5290
0
0
1 354
0
2 3626 4601
1 3276
0
0
0
0
0
0
0
0
0
0
0
0
0
0
1 248
0
1 3414
0
0
0
1 597
1 5448
1 3518
0
0
2 733 3728
0
0
1 351
0
1 5135
2 3686 4513
0
0
0
2 1057 3065
0
1 4270
1 3212
0
0
0
0
1 1238
0
0
0
0
0
3 1926 3046 4514
0
0
0
0
0
0
0
3 427 909 5449
0
0
0
1 4019
0
0
0
0
0
0
0
0
0
0
0
0
0
0
0
1 2146
1 2861
1 3015
0
0
0
2 2171 5232
0
0
0
0
0
0
0
0
0
1 2890
0
0
0
0
0
0
0
0
0
0
0
0
0
1 3784
1 1353
0
0
0
1 2228
0
1 5454
0
0
0
0
0
1 4344
0
0
0
0
0
1 310
0
0
0
0
0
0
1 2517
0
1 4720
1 4343
1 4989
0
0
0
0
1 3161
1 3969
1 2471
0
0
0
1 4722
0
0
0
4 399 4109 4697 4941
0
1 1196
0
0
0
0
1 2695
0
0
0
0
2 1145 5085
0
0
0
0
0
0
1 173
1 1268
0
0
0
0
0
0
0
0
1 2073
0
1 5389
0
0
0
1 1558
0
0
1 1445
0
0
0
0
0
0
0
1 529
0
0
0
0
0
0
0
0
0
0
0
2 1314 3351
0
0
0
2 26 4252
0
1 578
0
0
0
1 4259
0
1 2901
0
0
0
0
0
0
1 2426
0
1 1501
0
0
2 1384 1393
1 2048
0
0
3 888 1552 5033
0
0
0
0
1 1499
1 3530
0
0
0
2 1607 4928
1 5114
2 1215 2572
1 2917
0
2 2348 2769
1 4105
0
2 2191 4093
0
3 1968 3362 3897
0
0
1 2773
0
0
0
1 457
1 4700
0
0
1 3426
0
0
0
1 1121
0
0
0
1 1308
0
0
0
0
0
0
0
0
0
0
0
4 429 1059 3778 4746
0
0
1 1234
2 805 1799
0
0
0
0
0
0
0
0
1 3604
2 2913 3394
0
3 2155 3014 3689
1 4282
0
0
1 1981
0
0
0
0
1 5358
0
1 2164
0
0
1 5531
1 1216
0
0
1 3958
0
0
0
1 2446
1 2299
0
0
0
0
0
0
0
0
3 379 1592 4224
1 5127
0
0
0
0
0
0
1 2957
0
1 5437
1 1450
0
0
0
0
1 2880
1 4954
0
0
0
1 4180
0
0
0
0
1 2174
0
0
0
0
1 703
0
0
0
0
2 3053 4407
0
1 1762
0
0
0
0
0
0
0
0
0
0
0
0
1 167
0
1 2872
0
0
1 894
0
0
0
1 1264
1 817
0
0
0
0
1 5270
0
0
0
0
0
0
0
0
0
0
0
0
0
0
0
0
1 672
0
0
0
0
0
0
0
0
0
0
0
0
0
0
0
0
0
0
0
0
0
2 1321 3779
0
0
0
1 5422
2 643 3529
0
1 2600
1 1336
1 1399
0
0
0
0
1 4122
0
0
0
0
0
0
0
1 1726
1 1073
0
1 2997
0
0
2 3822 5236
0
0
0
0
1 2140
0
1 5185
0
0
1 1382
0
0
1 474
0
1 4
0
0
1 1265
0
0
0
1 5292
0
0
0
0
2 3273 4089
0
0
1 4666
1 671
0
0
0
0
1 502
1 856
0
0
0
1 1372
1 3467
0
0
1 3156
1 3835
0
0
0
0
0
0
0
0
0
0
0
0
0
0
0
0
0
0
0
0
1 5255
0
1 690
0
1 25
0
0
0
1 3551
0
0
0
1 865
1 3433
0
0
0
1 3051
0
0
0
0
1 1508
0
0
0
0
0
0
0
1 4057
0
1 2008
0
0
0
0
0
0
0
0
0
0
0
2 27 301
0
0
0
0
0
1 2223
0
1 783
0
0
0
0
0
1 1571
0
0
0
2 769 4280
0
0
1 2259
0
1 2206
0
1 2602
0
0
2 2778 3569
0
1 3049
0
0
0
0
0
0
1 205
0
1 3573
0
1 2453
0
1 39
0
0
0
0
0
0
0
0
0
0
0
0
1 65
0
0
0
0
1 2885
0
1 2056
0
0
0
0
0
1 262
0
0
0
0
0
0
0
0
0
0
0
0
0
0
0
3 710 5323 5527
0
0
0
1 3558
1 253
1 2817
0
0
0
0
0
0
0
0
1 3921
0
0
0
0
0
1 1644
0
1 2279
0
0
0
0
0
0
0
0
0
0
1 2745
1 1730
0
0
0
0
0
1 23
0
1 1669
0
0
1 1424
2 234 759
0
0
0
1 3595
0
0
0
0
0
0
0
1 3021
0
0
0
1 1654
0
0
0
0
1 2231
0
1 3999
0
0
0
2 4345 5079
0
0
3 2253 3561 5163
0
0
1 4617
0
0
0
0
0
1 5360
0
0
0
0
0
1 3114
2 3193 4132
0
0
0
1 985
0
0
0
0
0
0
0
0
0
0
0
0
0
0
0
0
1 1781
0
1 1945
1 3730
0
1 513
1 3826
0
0
0
1 1824
1 3210
2 674 928
0
0
0
1 3289
0
1 797
0
0
1 2550
0
0
0
1 1714
0
0
0
0
0
2 1805 5421
0
1 3009
0
0
0
0
0
0
0
1 4793
0
0
0
0
0
2 18 1204
0
0
0
0
0
0
0
0
1 4042
0
0
0
0
1 1438
0
0
0
1 3890
3 620 932 2219
0
0
0
0
0
0
1 1560
1 1652
1 3453
0
0
0
0
0
0
1 1946
1 3424
1 2451
0
0
0
0
0
0
0
0
0
0
1 2220
1 4271
0
0
0
0
0
0
0
1 986
0
1 2364
0
0
0
3 21 811 5424
0
0
1 1942
0
0
0
0
0
0
1 688
0
0
0
1 4880
0
0
1 3251
0
0
1 5183
0
0
2 1000 2929
0
0
0
1 1908
1 4588
1 1791
1 1018
2 752 4056
0
0
0
0
0
1 4531
0
0
1 5253
0
0
0
0
1 4310
0
0
0
0
2 317 4914
0
0
0
0
0
0
0
1 2902
1 2951
1 3397
0
0
0
1 387
0
0
1 5153
0
0
0
2 2892 4817
0
0
0
0
1 974
0
2 419 1441
0
0
0
0
1 3036
1 5269
0
1 4585
0
1 4361
0
1 4560
0
0
0
0
0
0
0
0
0
0
0
0
0
0
1 1539
0
0
0
0
0
0
0
0
1 2108
2 2437 2442
1 3393
0
0
0
0
1 1883
0
0
1 316
0
1 169
0
0
0
2 4533 5347
0
0
0
0
0
0
0
0
0
0
1 2201
0
0
0
1 1214
0
0
1 3096
0
0
0
1 2475
0
0
0
0
0
0
0
0
0
0
0
0
0
0
0
1 3454
0
1 782
0
1 5146
0
0
0
0
0
0
1 5281
0
2 343 5460
0
1 1628
1 1152
0
0
1 2710
0
0
0
3 724 2121 5275
1 1076
0
0
0
1 1924
1 1200
0
0
2 1983 4542
0
1 4349
1 74
0
0
0
1 3135
0
0
1 3031
2 1889 3056
0
0
0
0
0
1 5363
0
0
0
0
0
2 1717 4477
0
1 1745
1 2697
0
0
0
0
0
0
0
0
0
0
0
0
0
0
0
2 779 4863
0
1 4223
1 1543
0
1 486
0
0
0
0
1 4810
1 4404
0
0
0
0
1 609
1 2850
0
0
0
1 4744
0
0
0
0
1 2070
0
0
1 4063
0
0
0
1 485
0
0
0
0
0
0
0
0
0
0
0
1 4401
1 435
2 3134 3682
0
0
0
0
0
0
1 4172
0
0
0
0
1 5273
0
0
2 2942 3514
0
0
0
1 1736
0
0
0
0
0
0
0
0
1 2225
0
3 2027 5091 5304
1 3648
0
0
0
1 1947
1 5247
0
0
0
0
1 2822
0
2 1378 2407
0
0
0
1 122
1 1287
0
1 2339
0
0
0
0
0
1 1623
0
0
0
0
1 4040
0
0
0
0
0
0
1 4714
3 641 734 4200
0
0
1 544
0
0
0
0
0
1 1822
0
0
1 2010
0
0
2 3493 4288
1 3119
0
1 3947
0
1 4526
0
1 2567
1 4091
0
0
0
1 2124
1 2375
1 4235
0
0
0
1 4169
1 1671
1 1973
0
1 2795
0
0
2 881 5478
2 635 4812
0
1 287
1 4923
0
0
0
0
0
0
0
0
0
0
0
0
1 2659
0
0
0
0
0
0
0
0
0
0
0
0
0
0
0
0
0
0
1 1642
0
0
0
0
0
0
0
0
0
0
0
0
1 4186
2 3468 3640
1 4549
0
0
0
2 1816 5362
1 4330
1 43
1 5216
0
1 281
0
1 4920
1 54
0
0
0
0
0
0
0
0
0
1 1929
0
0
0
0
0
0
1 3132
0
0
0
0
0
0
0
0
0
0
0
0
2 2852 3001
0
0
1 1077
0
1 1567
1 3024
0
1 2562
0
0
2 3938 4232
2 1701 2552
1 905
0
2 355 4778
0
0
3 270 1723 5042
0
1 129
0
0
0
0
0
2 2612 5145
0
0
2 3475 4110
0
0
0
1 3093
1 4257
0
0
1 1454
0
0
1 3751
0
0
0
0
0
0
2 1048 2036
1 1770
0
0
0
0
1 2694
1 2103
0
0
1 3160
0
1 5365
0
0
1 2973
0
0
0
1 4558
0
0
0
0
0
0
1 3564
0
1 2069
0
0
0
0
0
1 1150
1 745
0
0
0
2 2101 3932
0
0
0
0
1 628
0
2 1130 3429
2 1362 4402
0
0
1 3574
0
1 320
0
0
0
0
1 4562
2 4351 5535
0
0
0
0
0
1 1633
1 99
0
0
0
0
0
0
0
1 2158
0
0
1 4412
0
0
0
0
1 1280
0
0
0
0
0
1 5106
0
0
0
0
0
1 2645
0
1 5521
2 2403 2422
1 594
0
0
3 1982 2638 4772
0
1 1686
0
1 3724
0
0
0
0
1 675
1 3757
1 5211
0
0
0
0
0
0
1 3792
0
0
0
0
0
0
1 3901
0
0
0
0
0
0
0
1 5064
0
1 2097
0
0
0
0
0
0
0
0
1 1618
0
0
0
0
1 2258
0
0
1 4198
0
0
0
0
0
0
1 1327
0
1 3968
0
0
0
0
0
1 4461
0
0
0
1 1650
0
1 5215
0
1 1845
1 4434
0
2 1316 4645
0
0
0
0
0
0
0
0
0
0
0
0
0
1 600
0
0
1 3188
1 4800
0
0
0
0
0
2 1532 3111
2 1156 1810
0
0
0
1 131
0
1 3323
0
0
0
0
1 648
2 1702 4561
0
0
0
1 4422
0
0
0
0
0
0
2 3293 4762
0
0
1 2764
1 4283
0
0
0
0
0
0
1 4551
0
1 4483
1 3516
0
1 5157
0
0
0
0
0
0
0
1 3854
0
0
1 3549
0
0
0
0
0
0
0
1 4859
0
0
0
0
0
0
1 1027
1 4740
0
1 2833
1 3517
0
1 3642
0
1 1876
0
0
0
0
0
0
0
0
0
1 6
0
0
0
0
0
2 2598 4811
1 60
0
0
0
0
0
0
0
1 2481
2 3683 4635
0
1 3270
0
1 2112
0
1 2796
0
0
1 3345
0
0
0
0
1 4212
0
0
0
0
0
0
0
0
0
0
0
0
2 356 2962
1 5168
0
0
0
0
0
0
0
0
0
0
0
0
0
0
0
0
0
0
1 791
0
0
0
1 4306
0
0
0
0
0
1 3480
0
1 141
0
2 1173 3653
0
0
1 5328
0
1 4374
1 2024
0
0
1 2089
0
1 5298
0
0
0
0
0
0
1 3865
0
0
0
0
0
0
0
1 2921
0
0
0
0
0
0
0
1 790
0
0
0
1 5245
0
0
0
0
0
0
0
0
1 1104
4 878 1506 2230 3899
1 2869
3 245 2167 4465
1 3629
1 2455
0
0
1 4713
0
0
1 4102
0
0
0
0
0
0
0
0
0
0
0
1 168
0
0
1 798
0
0
0
0
0
0
0
0
1 3128
0
0
0
0
0
1 1711
0
0
1 1725
0
0
1 929
0
1 4634
0
1 4036
0
0
0
0
0
0
0
0
2 3716 4152
0
0
1 5340
0
0
0
0
0
0
1 3158
0
0
0
0
1 407
0
1 3421
1 504
0
0
0
0
0
1 4060
3 3033 3735 3758
1 3851
0
0
0
0
0
1 2882
1 494
0
0
1 3184
0
1 2122
0
0
0
1 3075
0
0
0
0
1 3759
0
1 3133
0
0
0
0
0
0
0
3 311 1192 5055
0
1 4317
0
0
0
1 2197
2 2445 4385
0
0
0
0
0
0
0
0
0
0
0
0
0
1 1368
0
0
0
0
0
0
1 5054
0
2 766 4070
0
0
1 4600
0
1 4083
1 184
2 4608 4916
0
1 1681
2 1564 2200
0
1 2905
0
0
1 1254
0
0
0
2 499 3259
0
0
0
0
1 943
0
0
0
0
0
0
0
1 2462
0
0
0
1 1704
0
1 2726
1 2139
0
0
1 286
0
0
0
0
0
0
0
0
0
0
0
0
2 460 2559
1 3575
0
0
0
2 953 4482
0
0
0
1 1550
0
0
0
0
0
0
1 984
0
0
0
0
0
1 3971
0
0
0
1 4258
0
0
0
0
0
1 1772
0
0
0
0
0
0
0
0
1 3422
0
0
0
0
0
1 2227
0
0
0
0
0
0
0
1 4948
0
0
1 637
1 3380
1 231
1 174
1 4413
0
0
0
0
0
1 5480
1 2315
0
2 405 5003
0
0
0
0
1 3617
0
0
0
0
1 3973
0
0
1 1193
0
1 1439
0
0
0
0
0
1 3911
3 525 922 2216
0
0
0
0
1 3073
0
0
0
1 4586
0
0
0
0
1 3344
1 4845
0
1 2564
0
0
1 3856
0
0
0
0
1 3007
0
2 1436 4390
2 1300 5459
0
2 2949 3125
0
0
0
0
0
0
0
0
0
0
0
1 4256
1 4982
0
0
0
0
1 1232
0
0
1 4806
0
0
1 4679
0
0
0
2 948 4466
0
0
0
0
0
0
0
0
1 5242
0
1 5070
1 1625
1 2691
1 1163
0
0
1 904
0
1 4324
0
1 1609
0
0
1 1994
1 3205
0
0
0
1 2701
1 2436
0
0
0
1 940
0
0
0
0
0
0
0
0
0
0
0
0
0
3 2203 3556 3876
0
1 1584
0
0
1 549
0
0
0
0
0
0
0
0
1 1032
0
0
0
0
0
1 3597
0
0
0
0
0
0
0
0
1 1774
1 475
0
1 2172
2 4890 4974
0
0
0
0
1 4457
1 1427
0
1 1210
0
1 4468
0
0
0
0
0
0
0
0
0
0
0
0
0
0
1 5131
0
0
0
2 1722 3704
0
0
0
1 2470
1 736
0
0
0
0
0
0
0
0
0
0
0
0
0
0
0
0
0
0
1 1293
0
0
0
0
0
1 5326
0
2 1629 4021
0
0
0
0
0
2 2566 4086
0
0
1 4073
0
0
0
1 2772
3 2509 2594 5440
0
2 1621 2424
0
1 1624
0
0
0
0
0
0
0
0
0
0
0
0
0
1 5049
1 1137
0
0
0
0
0
0
0
0
0
0
0
0
0
0
0
0
1 4251
1 4275
0
0
0
1 4870
0
0
0
0
0
0
0
0
1 4213
1 4058
0
0
1 601
0
1 2670
0
0
1 5059
0
1 5191
0
0
0
0
0
1 49
0
0
0
0
1 596
1 1098
0
0
1 477
0
0
2 4699 5190
2 1190 3375
1 3990
0
0
2 117 2996
0
1 2934
0
0
1 2039
1 1446
1 5346
2 3804 4354
0
0
1 319
0
0
1 4045
1 3796
0
2 446 4444
0
1 3352
0
0
0
0
0
0
2 1460 2626
0
0
0
0
0
0
0
0
0
0
0
1 340
0
1 2981
0
0
0
1 5178
1 506
1 157
0
0
1 4538
0
0
0
1 1731
0
1 2534
0
0
1 5240
0
0
0
0
0
0
0
0
1 2818
0
1 5364
2 2544 5027
0
0
1 4687
0
0
1 2628
0
2 3615 5024
3 258 2305 2575
0
0
0
0
0
0
0
0
2 2649 3026
0
0
0
1 3444
0
1 828
0
0
0
0
0
0
2 1538 1779
1 721
0
0
5 1428 2302 2835 3387 4934
0
0
0
0
0
0
1 3282
0
0
0
0
1 4072
1 4142
0
0
0
2 413 1303
0
0
0
0
0
0
2 380 2525
0
1 5458
0
0
0
0
0
0
1 3586
0
0
1 742
0
2 285 330
0
0
0
0
0
1 2614
1 4818
0
0
0
1 5533
0
0
0
1 95
0
1 622
0
0
0
0
0
0
0
0
1 5206
0
2 4041 4069
0
1 1728
1 166
0
0
0
2 2416 4665
0
1 3417
0
0
0
0
0
0
0
0
0
0
0
1 1008
1 1426
0
1 267
0
0
1 242
0
1 3873
0
0
0
0
0
0
2 307 1369
1 425
2 2652 4867
0
0
0
0
0
0
1 639
0
0
0
0
0
0
0
0
0
1 837
2 148 1282
0
0
1 4071
0
1 2433
1 1306
0
1 1469
0
0
0
2 2417 3610
0
0
0
0
0
0
0
0
0
0
0
0
0
2 1916 4077
0
0
2 1221 1563
0
0
0
0
0
0
0
0
1 4239
1 213
0
0
0
0
0
2 2308 4353
0
0
1 1159
0
0
0
2 2693 5089
0
0
1 4463
0
0
1 358
0
0
1 4199
0
0
0
0
1 1925
0
0
0
0
1 3390
0
0
0
1 4162
0
0
0
0
0
0
0
0
0
1 4569
0
0
0
1 3103
0
1 5293
0
0
0
0
3 2844 4686 4692
0
0
0
0
0
1 3853
0
0
0
0
0
0
1 1358
0
1 1174
0
0
0
0
1 1526
0
0
1 3180
0
0
1 3539
2 461 1995
0
0
0
0
1 3830
1 1868
0
0
0
2 1970 3585
0
0
0
0
0
0
0
0
0
2 1777 5537
0
1 2862
0
0
0
0
0
0
0
3 2941 3004 5278
0
0
1 2977
0
1 3560
2 4953 5088
0
2 2209 3746
0
0
1 4197
1 2954
0
0
0
0
0
2 4612 5462
1 2221
1 5439
0
2 1733 5164
0
1 3578
0
0
0
0
0
0
0
0
1 3536
0
1 5205
0
0
0
1 1709
1 1815
0
0
0
1 5349
0
0
0
1 432
0
0
0
1 1507
0
1 2401
0
0
0
0
0
1 1485
0
0
0
0
0
1 4141
0
0
1 3991
0
0
0
0
0
0
0
0
1 1842
0
0
0
2 1490 4254
0
1 945
2 1024 5420
0
0
1 553
1 2889
0
0
1 1693
0
0
1 4145
0
0
0
0
1 2912
1 5105
3 222 1031 2354
0
0
0
0
0
1 3533
0
0
1 1565
1 1614
2 2536 3202
1 1692
0
0
1 3845
1 1078
0
0
1 5014
1 2873
1 4059
0
0
0
1 2840
0
0
0
1 1352
2 5072 5224
0
0
1 4438
2 4048 5136
1 2409
1 4187
0
0
0
0
0
0
1 3138
0
0
0
2 100 5282
0
0
3 229 4527 5403
0
1 4400
0
0
2 3930 5372
0
0
0
3 1481 4055 5315
1 4510
1 4851
1 2960
0
0
0
1 2087
0
0
0
0
0
0
0
0
1 3918
0
0
0
0
0
0
0
1 3225
0
0
0
0
0
0
0
0
0
0
0
0
0
0
0
0
0
0
0
0
1 1285
0
2 3197 4371
0
0
0
0
1 547
1 4539
0
0
0
1 3550
0
0
1 1896
0
0
2 4416 5374
0
0
0
0
0
0
1 4490
0
1 2665
0
0
1 3062
0
2 4667 5539
0
0
0
0
0
0
0
1 4895
0
0
0
0
0
0
2 571 4500
0
0
1 5149
0
0
0
1 3946
2 2736 5151
0
1 1155
0
0
1 154
0
0
1 1573
1 1462
0
1 3534
0
0
0
0
0
0
0
0
0
0
0
1 3391
0
2 1482 2373
1 3095
0
0
0
0
0
0
0
0
1 1311
0
0
0
0
0
0
0
0
0
1 2365
0
0
1 1205
1 4005
1 5184
1 1713
0
0
0
0
0
0
0
0
0
1 800
0
0
0
0
0
0
0
1 3165
0
0
0
0
0
0
0
4 1956 3636 4717 5058
0
1 172
0
1 1869
0
1 2288
0
0
0
0
0
0
0
0
1 5143
0
0
0
1 1557
0
0
2 2006 3405
1 749
0
1 1246
1 1999
0
1 5327
0
0
0
0
0
0
0
0
0
2 1355 5383
0
1 2855
0
0
0
1 209
0
0
0
0
0
1 2247
0
0
1 3884
0
1 368
0
0
0
0
0
1 4459
0
1 1171
0
0
2 699 3834
0
0
0
0
0
1 4985
0
0
1 1888
0
0
0
0
0
2 2342 2410
1 3143
0
0
1 2254
0
1 3304
1 5017
0
0
0
0
0
0
0
0
0
0
0
0
0
1 541
0
0
0
0
0
0
0
0
0
0
1 1672
0
0
0
0
0
0
0
0
0
0
0
0
0
0
0
0
0
1 1111
0
0
0
0
1 999
0
0
0
0
0
0
0
1 3831
4 90 408 1296 3191
0
0
1 3644
0
0
0
0
0
1 3285
0
0
0
0
0
1 5208
0
0
0
0
0
0
0
1 3321
1 3613
0
0
0
0
1 2001
1 1748
0
1 2894
1 289
0
0
0
0
0
0
1 4591
1 3061
0
0
0
1 2464
0
1 4754
2 3228 4196
0
1 2699
0
1 282
0
0
0
0
2 120 4314
2 942 2431
0
0
0
0
1 1647
0
0
1 3981
1 4369
0
0
0
0
0
0
1 2109
0
0
0
1 2943
0
0
0
1 3986
0
0
0
0
0
0
1 3924
0
0
0
0
0
0
2 1828 4234
0
0
0
0
0
1 3098
0
0
1 1802
0
1 1004
1 1897
0
0
0
1 426
0
0
1 5532
0
0
1 3685
1 1471
0
0
0
0
0
1 1979
1 2262
0
0
0
1 2650
0
0
0
1 4241
0
1 823
0
1 2895
0
1 4842
0
1 4544
1 5188
0
1 4799
1 4215
0
0
0
0
0
1 2586
0
1 484
2 844 2129
1 608
0
0
1 3507
0
2 370 1099
0
0
0
1 303
0
0
0
0
0
0
0
0
1 2256
1 2276
2 4521 4776
0
0
1 3839
0
0
0
1 3496
1 1683
0
0
1 1255
0
0
2 2964 3012
0
0
0
0
0
0
0
1 1541
0
0
4 214 1955 4096 4368
0
1 1459
0
1 591
0
1 562
1 2662
0
0
1 523
0
0
0
0
0
0
0
0
1 5469
0
1 2210
0
1 3170
0
0
0
0
0
0
0
0
1 4366
0
0
0
0
2 1371 4261
0
0
0
0
0
0
0
1 1224
0
0
0
0
0
0
1 388
0
0
0
0
0
0
0
1 4301
0
0
0
0
3 2966 3538 5186
1 4098
0
0
2 3284 4015
0
1 1688
0
0
0
0
1 1559
0
0
0
1 3915
0
0
1 2587
1 1305
0
0
0
0
0
0
0
0
0
1 3239
0
0
0
1 1310
2 3137 4841
1 1734
0
0
0
0
0
0
1 4691
0
0
0
0
1 2775
0
0
0
1 5407
0
0
1 2793
0
0
1 394
0
0
0
0
1 3567
0
0
0
1 1154
0
1 4028
0
0
0
0
0
1 4674
1 5280
1 1181
1 3696
1 1792
0
1 2162
0
1 1920
0
0
0
0
0
0
0
0
0
0
0
0
0
0
0
0
0
0
0
0
1 2560
1 232
0
0
0
0
0
0
0
0
0
0
0
0
0
1 2059
1 1412
0
0
0
0
0
0
1 1172
1 5416
0
1 22
0
1 1952
0
0
0
0
1 2328
1 3647
0
0
0
1 4791
0
1 4210
1 512
0
1 5352
0
0
0
0
1 2003
1 2180
0
1 3939
0
0
0
0
0
1 5432
1 4174
0
0
1 83
0
0
0
0
0
0
0
1 3760
0
0
1 2502
0
0
0
0
0
2 3896 3972
0
0
0
0
1 3372
2 1773 4967
1 3565
0
1 5463
1 4454
1 2718
0
0
2 2265 3823
0
1 3743
0
1 4267
0
1 453
0
0
1 241
0
0
1 4153
0
0
0
0
0
0
0
1 3185
1 5226
0
0
0
0
0
2 4038 4855
1 2990
0
0
0
0
0
1 4790
0
0
1 4116
0
0
0
0
0
0
1 1504
0
0
0
0
0
1 4507
0
0
0
1 3838
0
0
0
0
1 271
0
0
0
0
1 3364
0
0
0
0
0
0
0
0
0
0
1 3209
0
1 2730
1 4738
0
0
0
0
0
1 2145
0
0
0
0
2 1488 4595
1 536
0
0
0
1 4217
0
0
3 312 2033 3237
0
1 2675
0
0
0
1 5124
0
0
0
0
0
0
1 2676
0
0
1 4433
2 1337 3400
1 1818
1 1998
0
1 4981
0
1 5378
0
0
1 196
1 3722
0
0
1 1862
1 5395
2 1492 4636
0
0
0
0
1 3243
0
1 4657
1 3589
0
0
1 5311
0
1 2460
0
0
0
2 1038 4179
0
0
0
2 2217 2700
0
0
0
0
0
0
0
0
1 3416
0
1 3222
0
0
0
1 3769
0
1 4599
1 1833
0
0
0
0
0
0
0
1 3699
0
0
1 235
0
1 1675
0
1 2161
0
0
0
0
0
0
0
1 2398
1 3048
1 1410
0
1 4846
0
0
0
0
0
0
0
0
1 2805
0
0
1 3408
0
0
0
0
0
0
0
0
0
0
0
1 3545
0
0
0
0
0
2 297 4506
0
0
0
0
0
0
1 2742
0
0
0
1 2692
0
1 1812
0
0
0
1 3906
0
0
0
0
1 1102
0
0
0
0
0
1 1276
1 522
1 4821
0
0
0
1 921
1 5451
1 1165
1 123
0
2 589 2899
0
0
0
0
0
0
0
0
0
1 4975
0
0
1 1677
0
1 256
0
0
0
0
0
1 2834
0
1 563
0
0
0
0
0
0
0
0
0
0
0
0
0
0
1 3063
0
1 5053
1 2078
1 3748
0
0
0
0
0
1 2683
0
0
0
0
0
0
0
0
1 2054
0
0
0
0
0
0
0
0
1 2814
0
0
0
0
0
0
0
1 2194
8 830 1694 2264 3099 3198 4050 5172 5399
0
0
0
0
0
1 1858
0
0
0
0
1 3782
0
0
1 476
0
0
1 789
0
0
1 4849
2 374 1917
0
2 882 5412
0
1 650
0
0
0
0
1 4424
0
0
1 777
0
0
1 2554
0
1 5309
1 505
0
1 5126
0
0
0
0
0
0
0
0
0
0
1 4428
0
0
0
1 4908
0
0
0
0
9 583 1626 1700 3861 3869 4372 4590 5160 5295
0
1 1033
0
0
1 4987
0
0
0
1 4035
1 1387
0
0
0
0
1 2275
0
0
0
0
0
0
1 1088
0
0
0
0
0
2 2128 4101
0
0
0
0
0
0
0
0
0
0
0
1 2963
0
1 3568
1 2909
0
1 5002
3 633 1796 4016
1 528
0
0
0
0
1 910
0
1 1887
1 4623
2 2138 2473
0
0
0
1 1825
0
0
0
1 3559
0
0
0
0
0
0
0
1 71
0
0
0
1 3855
1 840
0
0
0
1 4352
1 2170
0
0
0
0
0
0
1 5368
0
0
0
0
0
0
0
0
0
0
1 3509
0
1 2014
0
0
1 3018
0
1 3120
0
0
0
0
1 3451
0
0
0
0
0
0
0
1 1049
0
0
0
0
0
0
1 365
1 1899
0
0
0
2 4214 4323
0
0
0
0
1 1980
1 537
1 1095
0
0
0
1 52
0
0
0
0
1 5371
0
0
1 5209
0
1 2858
0
0
0
0
1 738
0
0
0
0
0
0
0
0
0
0
0
1 3703
0
0
0
0
0
0
0
0
1 4979
0
0
0
0
0
0
0
0
0
0
1 2800
0
0
0
0
1 4049
0
0
1 1613
0
0
0
0
2 1253 3641
0
0
1 3091
0
0
0
1 3389
0
0
0
0
0
0
1 2395
0
0
0
0
0
0
1 4861
0
0
0
6 662 896 3089 4164 4711 5075
0
1 5419
0
0
0
0
0
0
0
1 3140
2 1278 1456
0
1 3670
0
0
0
0
0
0
0
2 689 4136
0
0
0
2 1126 3773
0
0
1 4721
0
0
0
0
0
0
0
1 3257
0
0
0
0
0
1 2635
0
0
0
0
1 723
0
3 1307 2177 2576
0
0
0
0
0
0
0
1 4993
0
0
1 918
1 4166
0
0
0
1 3498
0
0
2 3837 4138
0
0
3 852 1847 5436
1 3260
0
0
2 954 3598
0
0
0
0
0
0
1 3718
0
0
0
0
0
0
1 1721
0
0
0
0
0
0
0
0
0
1 2085
0
0
0
0
0
0
0
1 3460
1 3945
0
0
0
0
0
0
0
1 4675
1 4933
0
0
0
2 398 3709
0
1 2779
0
0
1 1496
0
1 2664
0
0
1 4225
0
0
2 4598 5307
0
2 1856 4231
0
1 2499
0
0
0
0
1 1146
0
0
0
0
0
0
0
0
0
1 3813
0
0
0
0
0
0
0
0
1 5203
0
0
0
0
1 933
0
1 1320
0
0
0
0
0
0
0
0
0
0
0
1 5511
0
1 1380
0
0
0
1 4360
1 2394
0
0
0
1 938
1 5377
2 3678 4767
1 333
1 1291
0
0
1 5094
0
1 1906
1 4829
0
0
2 291 4864
0
0
1 2215
0
1 3155
0
0
0
0
0
0
1 2489
0
0
1 3583
0
0
0
0
0
1 4994
0
0
1 686
1 1346
0
0
1 4696
0
0
1 3639
1 3130
0
1 202
0
0
1 1800
0
0
0
0
0
0
1 3914
0
0
0
0
0
1 602
1 3923
1 796
0
0
0
0
1 2667
2 85 2058
0
1 3844
0
1 2870
0
1 4609
0
0
0
0
0
0
0
1 4572
0
0
0
0
2 4144 4820
0
0
0
0
0
1 2066
0
0
0
0
0
0
0
0
1 437
1 4898
1 785
1 5246
0
0
1 48
0
1 5519
0
2 1047 1389
1 1166
0
2 2611 4376
0
1 385
0
0
1 4834
0
0
2 3081 5402
0
1 186
0
0
0
0
0
0
0
0
0
0
1 3694
0
0
0
1 5237
0
0
0
0
0
0
1 3846
0
0
0
0
0
0
0
0
1 595
0
0
0
1 2037
0
0
0
0
0
0
0
0
0
1 2948
1 3849
0
0
0
0
0
2 826 2292
0
3 335 1217 3848
1 915
2 4824 5181
0
0
0
0
2 288 4315
1 4868
0
0
1 2607
0
1 1128
1 4584
0
0
0
0
0
0
1 1453
1 4904
0
2 1394 2495
0
0
0
1 3962
0
1 3943
0
0
1 2335
0
0
0
1 4865
0
0
0
0
0
1 5506
0
0
1 2543
0
0
0
1 924
0
0
0
2 519 4025
0
0
1 5062
0
0
0
0
0
0
0
0
0
0
0
0
0
0
0
0
0
0
0
0
3 2672 3326 4387
0
0
0
0
0
0
0
0
0
0
0
0
0
0
1 64
0
0
0
0
0
0
0
0
0
0
0
0
1 4683
0
1 1072
0
0
0
0
1 4866
0
0
0
0
0
0
0
0
0
3 1113 1744 2655
0
0
0
1 32
0
0
0
0
0
0
0
1 3775
0
1 829
0
0
0
0
0
0
2 1062 3828
0
0
0
0
0
0
1 906
0
1 917
0
0
0
0
0
0
0
0
0
0
0
0
1 2313
0
0
0
0
0
0
0
0
1 1125
0
0
0
1 3532
0
1 532
0
0
0
0
0
0
0
0
0
0
0
2 4237 4794
0
0
0
0
0
1 4743
4 1778 2045 3145 3419
2 3286 3953
0
0
0
0
0
0
0
0
0
1 3459
2 3290 3562
0
0
1 2728
0
0
2 4614 5375
1 2527
0
0
0
1 4061
0
1 2340
0
1 3808
0
0
1 5385
0
0
1 2141
2 156 1767
0
0
1 1465
0
2 1262 3768
0
0
0
0
0
0
0
0
0
0
0
0
1 3624
0
2 3511 5198
0
0
0
0
0
1 5461
0
0
1 97
0
0
1 443
0
0
0
2 3281 3671
0
0
1 1562
0
0
0
5 210 2784 4555 4646 5195
1 2584
1 1127
2 5082 5465
1 2978
0
0
0
0
0
1 4656
1 2075
1 750
1 5192
0
0
0
0
0
0
1 4828
0
0
0
0
0
0
0
0
0
0
0
1 211
0
0
0
0
0
1 1943
0
0
0
2 1421 4018
1 1258
1 3181
0
1 4034
1 4439
0
0
1 5400
0
0
0
1 746
1 40
0
0
0
0
0
0
0
0
1 3044
1 4489
0
0
0
1 1133
0
0
0
0
1 627
0
0
1 4893
0
0
0
0
0
0
0
1 313
0
0
0
0
0
1 1987
0
0
0
0
1 5414
0
0
0
0
0
0
1 3263
1 2051
2 208 764
0
0
1 2104
1 1006
0
0
0
0
0
1 151
0
0
0
0
0
0
0
0
1 3739
0
0
0
0
0
1 3217
0
0
1 2663
0
0
0
1 3312
0
2 33 3961
1 2017
0
0
1 1309
0
1 3777
0
0
1 2325
1 2469
0
0
1 5175
0
0
1 3305
0
1 5035
0
1 4570
0
1 5239
0
0
0
0
0
0
2 3501 4218
0
0
0
1 415
1 3169
0
1 4798
0
0
0
0
0
0
2 842 1718
0
0
0
0
0
0
0
0
0
1 4577
0
0
0
0
0
0
1 4626
1 1043
0
0
0
1 353
0
0
0
1 1448
0
0
0
0
0
0
0
1 5498
0
0
0
0
1 4763
0
0
0
0
0
0
0
0
0
1 4487
0
0
0
0
0
0
1 3513
0
0
0
1 5401
0
0
1 3515
0
1 3733
0
1 215
0
1 971
0
2 2232 3677
0
1 3692
0
0
0
0
1 979
1 4208
0
1 322
1 1094
0
0
0
0
0
0
0
0
1 4930
0
0
0
0
1 2935
1 3371
0
1 5109
0
0
1 1339
0
0
0
0
0
0
1 1641
0
0
1 5497
0
0
0
0
0
0
0
1 2762
0
1 2557
0
1 5129
0
1 3149
1 1015
1 2744
0
0
0
1 3755
1 1132
0
0
0
0
1 1837
1 1119
0
0
0
0
0
0
0
0
0
1 4395
1 2974
0
0
0
0
0
1 2716
0
0
1 1063
0
0
1 4207
0
0
0
0
0
1 4277
0
1 324
0
0
1 584
0
0
1 4921
0
0
0
0
0
0
0
3 781 1053 2826
0
0
0
0
0
0
0
0
2 936 2357
0
0
0
0
0
3 3136 3152 3231
0
0
0
0
0
2 1576 5004
0
0
0
1 2030
0
1 1529
0
0
0
0
0
0
0
2 4775 5011
1 951
0
1 803
0
0
0
1 5382
0
0
2 937 2366
0
0
0
0
2 682 2740
0
0
0
1 1572
0
0
0
0
0
0
0
0
0
0
1 3954
0
0
0
1 1079
0
0
1 1936
2 1689 5369
0
2 3909 5330
1 77
0
0
1 1005
0
0
1 178
0
2 2761 4328
0
1 2888
0
0
1 3993
0
0
0
0
1 2487
0
2 1549 4135
1 257
0
0
0
1 4295
0
0
0
0
0
0
0
0
1 2865
1 265
1 3956
0
0
0
0
0
1 1477
0
0
0
1 5229
0
0
0
0
1 4534
0
0
3 1402 2285 3584
1 1461
1 458
0
0
0
0
0
0
1 1231
0
1 3798
0
0
0
1 1834
1 344
0
1 2211
0
0
0
0
0
0
0
1 3058
0
1 2522
0
0
0
1 1739
1 5429
0
1 4373
0
1 709
0
0
0
2 2113 4054
0
1 598
0
0
0
0
0
0
0
1 3236
0
1 966
0
0
0
0
0
1 3660
0
0
1 3072
0
0
0
3 1528 3633 4736
0
0
0
0
0
0
0
0
1 731
0
1 4189
1 1386
0
0
0
1 1756
0
1 1009
0
0
0
1 4548
0
1 1286
0
0
0
0
0
0
1 3580
1 626
1 806
0
0
0
0
1 4115
1 98
1 2590
0
1 3599
0
1 2583
0
1 4946
0
0
0
0
0
1 4944
0
0
0
1 1417
0
0
0
1 3221
0
0
2 2186 2680
1 102
0
1 5381
1 1516
0
2 2625 4695
2 2708 4516
0
0
0
0
0
4 1588 2012 4332 5547
1 2556
0
0
2 5120 5214
0
0
0
0
0
0
0
1 423
2 1768 3238
1 758
1 4467
1 5302
1 2969
1 2000
0
0
0
0
2 695 1668
1 3740
0
1 4909
0
1 3871
1 3484
1 944
0
0
0
0
0
0
0
0
0
1 4882
0
0
0
0
0
0
0
0
0
0
0
1 3054
0
1 4370
0
0
1 3150
0
0
0
0
0
0
0
0
0
1 4715
0
0
0
2 3898 5380
1 3423
0
0
0
0
0
0
2 1105 5210
0
0
0
0
1 1596
0
0
1 2218
0
0
0
1 1775
0
0
0
1 5233
0
0
0
0
0
0
0
0
1 4279
0
0
0
0
1 3374
0
2 2067 2458
0
0
0
0
0
1 2467
0
0
0
0
1 4009
0
1 4289
0
1 2993
0
0
0
0
0
0
0
0
0
0
0
0
0
0
0
0
0
0
0
0
3 859 4130 5514
0
1 456
0
2 518 4335
0
0
0
1 1984
0
2 1512 3888
1 4627
0
0
1 5083
0
1 61
0
0
0
1 254
0
2 996 5544
1 2501
0
0
0
0
0
1 1074
2 2165 4524
0
1 4464
0
1 1096
1 3983
1 268
0
0
0
0
0
1 1138
0
0
0
0
0
1 4233
0
0
0
0
0
0
1 1290
0
1 1272
0
1 4915
1 2117
0
0
0
0
0
0
0
0
1 3614
0
0
2 1997 5076
0
0
0
0
1 5287
0
0
0
0
0
1 2767
0
0
0
0
0
0
0
0
0
1 4399
0
0
0
0
0
0
0
0
1 973
0
0
0
0
0
0
0
0
0
0
0
0
0
4 1657 2173 4362 5018
0
0
0
0
2 548 2183
0
0
0
0
0
0
0
0
0
0
0
0
1 4751
0
0
0
0
0
0
0
0
0
0
0
0
0
0
2 1988 3010
1 2243
1 4175
0
1 1561
0
2 4441 4474
0
1 3361
0
0
0
1 3942
0
0
1 786
0
0
1 1763
0
0
0
0
0
0
1 3413
0
0
0
0
0
0
0
0
0
0
0
1 463
1 2031
0
0
2 1783 3178
1 5101
0
0
0
0
0
0
0
0
1 5148
0
1 5001
0
0
0
0
0
0
0
1 5488
0
0
0
1 3462
1 4816
0
0
0
0
0
0
1 4919
1 3643
0
0
0
0
0
0
0
1 382
1 3572
1 2391
2 2314 2900
0
0
0
0
0
1 2284
0
1 3117
0
0
0
0
1 47
0
0
0
0
0
0
0
0
0
1 1115
0
0
0
0
1 867
1 4869
1 104
0
1 1724
2 152 2733
0
2 693 995
0
0
0
1 2428
0
0
1 3384
0
0
1 3201
0
1 4309
0
0
0
1 3819
0
0
1 2497
0
0
0
1 2351
0
0
0
0
0
0
0
1 2378
1 1990
0
1 950
0
0
0
1 4340
0
0
1 4918
0
3 3850 4265 4553
0
0
1 2263
0
0
1 1189
1 4269
0
0
0
0
0
0
0
0
0
0
1 4964
1 4878
0
1 5510
0
0
0
1 3071
2 1893 4886
1 5243
0
0
0
0
0
0
0
0
0
0
1 1829
1 1301
0
0
0
0
0
0
2 143 466
0
1 526
1 2439
0
1 3108
0
1 4787
0
0
0
0
0
0
0
0
0
1 4012
0
0
0
0
0
0
0
0
0
0
0
0
2 67 2270
1 1487
1 5427
0
0
2 3085 4885
1 4704
0
0
0
0
0
0
2 914 3695
1 4902
0
0
0
0
1 1103
0
0
0
0
0
0
0
1 3330
0
0
0
0
0
1 3265
0
1 1129
0
0
0
0
0
0
0
0
1 4039
0
0
0
2 2976 4032
1 839
0
0
0
1 81
0
1 4639
0
0
0
0
0
0
0
0
0
0
0
0
0
2 1197 2788
0
0
0
0
1 2429
0
0
0
0
0
0
1 3951
0
0
1 3303
0
0
1 5078
0
0
1 4064
0
0
0
1 180
0
0
0
0
0
0
0
0
0
0
0
2 592 3620
0
0
1 1065
0
0
4 2828 3587 4644 5138
0
1 4782
3 2719 3034 3386
1 5417
0
0
0
0
0
0
0
0
0
0
1 1379
1 3621
0
0
1 3438
0
0
1 1975
0
0
0
1 3038
0
0
0
0
0
2 442 3246
0
0
0
2 1186 1977
0
0
0
0
0
0
0
1 5334
0
0
0
1 1615
0
0
1 5048
0
0
0
0
0
0
0
0
0
0
0
1 68
0
0
0
0
0
0
0
0
0
0
0
0
0
0
0
0
0
0
0
0
0
0
1 1259
0
0
1 1359
0
0
0
0
0
0
0
0
0
0
0
0
0
0
0
0
0
0
0
0
0
0
0
0
0
0
0
0
0
0
1 4873
0
0
1 2420
0
0
0
0
0
1 428
0
0
0
0
0
0
0
0
0
0
0
0
0
0
0
0
0
0
0
0
0
0
0
0
0
0
0
0
0
0
0
0
0
0
0
1 5408
0
1 1223
0
0
0
0
0
0
0
2 3162 4805
0
0
0
0
1 2359
0
0
0
1 5063
0
1 1904
0
0
0
0
1 1682
0
0
0
0
0
0
0
0
0
1 1595
0
0
0
0
0
0
1 449
1 3594
2 272 2622
0
0
0
0
0
0
0
1 7
1 1566
1 2046
0
0
1 4168
1 3360
0
1 3002
0
0
0
0
0
1 1106
0
1 3541
1 3327
0
0
1 3333
3 1207 2847 4103
0
0
0
1 669
0
0
0
0
1 2454
0
0
0
0
0
0
0
1 5121
0
2 1067 3600
0
0
0
0
0
1 2631
3 1381 2289 5484
0
0
0
0
0
0
0
0
0
0
0
0
0
0
1 2280
0
0
0
0
0
0
2 2561 4171
0
0
1 4899
0
0
1 2468
0
0
0
1 902
1 5467
1 2149
0
1 5193
0
0
1 2090
0
0
0
0
1 1275
1 1475
0
1 1161
0
2 1201 4336
0
0
0
0
0
1 978
1 2015
1 0
2 2569 2928
0
0
0
0
0
0
0
0
0
0
1 2783
1 276
0
1 810
0
2 1742 1852
0
1 2863
0
1 2185
0
0
0
0
0
0
0
0
0
0
0
0
1 1430
0
2 238 4211
0
1 305
1 3195
0
0
0
0
0
0
0
0
1 962
0
0
0
0
0
1 3256
0
1 4190
1 3028
0
0
0
0
0
0
0
0
0
0
0
0
0
0
1 4161
0
0
0
0
0
0
1 5392
0
1 4911
0
0
1 4723
0
0
0
0
1 2876
1 4448
0
0
0
0
0
0
0
0
0
0
0
1 1867
0
0
0
1 1003
0
1 5217
0
0
1 5107
1 4151
0
0
0
0
1 3250
0
0
1 3288
1 142
0
0
0
0
1 5006
0
0
0
0
0
0
2 1923 4383
0
0
0
0
0
0
0
0
0
0
0
1 1452
1 326
0
0
0
0
0
2 4285 4341
1 556
0
0
0
0
1 558
0
1 5030
0
1 3264
0
0
0
0
0
0
0
0
0
0
0
0
0
0
0
0
1 1865
0
0
0
1 2064
0
0
1 37
1 4008
0
0
0
0
0
0
0
1 3349
1 1935
0
0
1 2950
1 5387
0
0
0
0
0
0
0
0
0
0
0
0
0
1 5260
0
0
0
1 3144
1 2673
1 3929
0
0
0
0
0
0
0
0
1 187
0
0
0
1 545
0
1 4396
0
2 588 2388
1 2729
0
0
0
0
0
1 3669
0
1 401
1 4427
0
2 1759 2946
1 747
0
1 395
0
0
0
1 4456
0
0
0
0
0
0
0
0
2 62 3761
0
1 1151
0
1 2120
0
0
0
0
0
0
0
1 75
0
0
0
0
0
0
0
0
0
0
0
1 4405
0
1 2980
0
0
1 4528
0
0
0
0
0
0
0
0
1 4640
1 4137
0
0
0
0
0
0
0
0
0
0
0
0
0
0
0
0
0
1 1227
0
0
0
0
0
0
0
0
1 4894
0
0
0
0
1 367
1 2711
1 53
0
1 3241
0
0
0
0
0
1 3041
0
1 1535
1 4809
1 5491
0
0
0
0
2 1060 1976
1 1568
0
1 2290
0
1 4785
1 369
0
0
0
1 3895
0
0
0
1 4134
0
0
0
0
0
0
1 4523
0
1 2483
0
0
0
2 807 2414
0
1 1367
0
0
0
0
1 3338
0
0
0
0
0
0
0
0
0
0
0
0
0
0
0
0
0
0
0
0
0
0
0
0
1 2486
0
0
1 1719
0
0
0
1 1233
1 5313
0
1 3269
0
0
0
0
0
2 1364 3593
0
1 3457
0
0
0
2 1715 4364
0
1 3311
0
0
0
0
0
0
0
1 3102
0
1 4937
0
0
0
0
1 702
0
0
0
0
0
1 2669
0
0
0
1 4446
0
3 2224 3489 3717
0
0
0
0
0
2 552 4227
0
1 5020
0
0
0
0
0
0
0
0
0
0
0
0
0
0
0
0
0
0
0
0
0
0
0
0
1 2787
0
0
1 925
0
0
0
1 5477
1 3088
0
0
0
1 4296
0
0
0
0
1 2269
0
0
0
0
1 3780
0
0
1 3100
0
0
0
0
0
0
1 1044
0
1 3287
1 4053
0
1 3262
0
0
0
1 983
0
1 3985
0
0
2 872 2538
0
1 1188
0
0
0
1 581
0
1 153
0
1 2026
1 5376
2 3029 5044
0
1 51
0
2 716 2668
1 1109
0
2 364 3491
0
0
0
0
0
0
1 638
0
0
1 4088
0
0
0
0
1 5545
1 5177
0
0
0
1 3445
0
0
0
2 931 4026
0
0
0
0
0
0
3 2582 3563 3996
1 4437
0
0
0
1 1760
0
0
1 5231
1 5220
0
0
0
1 3067
0
0
1 2204
0
0
0
0
1 315
0
0
0
0
0
0
0
0
0
0
1 1012
0
0
0
0
0
0
0
0
0
0
1 4749
1 455
0
0
1 2390
0
2 2677 4857
0
0
0
0
0
0
0
1 3499
0
0
0
0
0
0
0
0
0
0
0
0
0
0
0
0
1 535
0
0
0
0
0
0
0
0
1 3571
1 4621
0
3 251 520 3124
1 4852
0
0
0
0
0
2 934 987
0
0
0
0
0
0
0
0
0
0
0
0
0
2 1930 3274
0
0
0
0
0
0
0
3 836 981 4000
0
1 5487
0
1 5015
1 5156
0
0
1 5405
0
0
0
0
0
0
1 2329
0
0
2 86 4593
0
2 130 3355
0
0
0
1 4155
0
0
0
0
0
1 3379
0
0
0
0
1 3492
0
0
0
0
0
0
0
0
0
0
0
0
0
0
0
0
1 4494
0
2 2384 4725
0
0
0
0
0
1 336
1 2293
0
0
1 4607
0
0
0
0
0
0
0
0
0
0
0
0
0
0
0
1 4498
0
0
0
0
1 1750
1 106
0
0
0
0
1 3378
1 1247
0
4 1092 2842 4504 4978
1 3667
0
0
0
0
0
0
1 481
0
0
1 3684
0
0
0
0
2 1250 5267
1 2083
0
0
0
0
0
1 3042
2 1375 1716
1 4901
1 1170
0
2 79 4326
0
0
0
0
0
1 4097
0
0
0
0
0
1 3182
0
1 3278
0
0
0
0
0
0
0
0
1 2040
0
1 876
0
0
0
0
1 5485
0
0
2 4123 5234
2 1620 3435
0
0
0
0
0
1 1546
1 5051
0
0
0
1 441
0
0
0
0
0
0
0
0
0
0
3 498 2640 2968
0
0
0
0
0
0
1 2755
0
0
1 2953
2 611 2273
0
0
0
0
0
0
0
1 147
0
0
0
0
0
0
0
0
0
0
0
1 2782
1 4451
0
2 579 4033
0
0
0
0
0
0
0
0
0
0
0
0
0
1 5324
0
0
0
1 3359
0
0
0
1 3752
0
0
0
0
0
0
0
0
1 3366
0
0
0
1 4653
0
0
0
0
0
0
0
0
0
0
0
0
0
0
0
0
0
1 4007
0
0
0
0
0
0
2 972 5093
0
0
0
0
0
1 2474
0
0
0
0
0
0
0
1 2016
0
0
0
0
0
1 5495
0
0
0
0
0
0
1 362
1 3142
0
0
0
0
1 4682
0
1 4759
2 2430 3738
0
0
0
0
1 4003
0
0
0
0
0
0
0
0
1 1335
1 5197
0
0
0
0
0
0
0
0
0
0
0
1 397
0
0
1 3113
0
0
0
0
1 199
0
2 860 1442
0
0
0
0
0
0
0
0
1 2897
1 647
0
0
1 1712
0
1 2257
0
0
0
1 5305
0
0
1 2533
1 2102
0
0
0
0
0
0
0
0
0
1 1243
0
0
0
0
0
0
0
0
0
0
0
0
0
0
0
0
0
0
0
1 1927
0
0
0
1 469
0
0
0
1 3863
0
0
0
1 5370
0
0
1 3726
0
0
0
0
0
0
0
0
0
0
0
0
1 5039
0
0
0
0
0
0
0
0
0
1 1051
0
0
0
0
0
0
0
0
0
1 1974
0
2 3719 4473
0
0
0
0
1 1433
0
1 3003
0
0
1 2346
0
0
1 1696
0
0
1 3199
1 4159
0
1 416
0
0
1 5142
1 2443
0
0
1 3409
0
0
0
0
0
0
1 1345
0
0
0
0
1 4346
0
0
1 4731
0
0
0
0
0
0
0
1 3300
1 1877
0
0
0
1 1992
1 1153
1 1432
0
0
0
0
0
0
0
0
0
0
0
1 5144
0
2 818 2184
0
0
0
0
0
0
0
0
0
1 898
0
1 1263
0
0
0
1 846
0
0
0
0
0
1 4729
0
0
0
0
0
0
0
0
0
0
0
1 2725
0
0
0
0
0
1 2053
0
0
1 4881
0
0
0
0
0
0
1 2613
0
0
0
0
1 2212
0
0
0
0
0
0
1 3037
0
0
1 4664
0
0
0
0
0
0
1 2086
0
0
0
0
0
0
1 1039
0
0
0
0
0
2 3926 4475
0
0
0
0
1 4421
0
0
0
0
1 2808
0
2 561 5503
0
0
0
0
0
0
1 2181
0
0
0
0
0
0
0
1 572
0
0
0
0
0
0
0
0
0
0
1 4286
0
1 1590
0
0
0
0
0
1 619
1 2519
1 386
0
0
0
1 1517
0
0
0
0
0
0
0
0
0
0
0
0
1 3927
0
0
0
0
0
0
0
0
0
0
0
0
0
0
0
1 2632
0
0
1 4508
0
1 5343
0
0
0
0
1 411
0
3 3836 4658 5336
0
0
1 1611
1 3466
0
2 134 2126
0
0
0
0
0
0
3 4229 4815 4966
0
0
0
0
1 3343
0
1 3291
0
1 5534
0
0
0
0
0
1 3219
0
0
0
0
0
0
0
0
0
0
0
1 2831
0
0
0
0
0
0
0
1 1820
0
1 3978
0
1 4620
1 113
0
0
0
0
0
0
0
0
1 1299
0
0
0
0
0
0
0
1 2705
0
0
2 115 4970
0
1 593
0
0
0
0
0
1 1939
0
0
0
1 402
0
0
0
0
1 5276
2 2597 2780
1 376
0
0
0
0
0
0
1 3674
1 5353
0
0
0
0
0
1 5102
0
1 4331
1 2207
0
0
0
0
0
0
0
1 2476
0
0
0
0
0
0
0
0
0
0
1 4641
0
0
0
0
0
0
0
0
0
0
0
0
0
0
0
0
0
0
1 3104
0
0
0
0
0
0
0
0
0
0
0
1 3224
0
0
0
2 1230 5393
0
0
0
0
0
0
0
0
0
1 3242
0
0
0
0
0
1 5090
0
0
1 4133
0
0
0
0
1 2893
0
1 1944
0
1 4801
1 480
0
1 5431
0
0
0
0
0
1 182
0
0
0
0
0
0
2 468 3189
0
0
0
0
0
0
0
0
0
1 4771
0
0
1 2023
0
0
0
0
0
0
0
1 3766
0
0
0
0
1 328
0
0
0
1 3441
0
0
0
1 3055
0
0
0
0
0
1 219
1 5084
0
0
0
1 2774
0
0
0
1 3329
0
0
0
0
1 5045
0
1 610
0
1 4409
1 3690
0
1 1403
1 3803
0
2 327 864
0
0
0
0
0
0
0
0
0
0
0
0
0
0
0
0
0
0
0
0
0
0
0
0
0
0
0
0
1 1708
1 4355
0
0
0
0
0
0
0
1 3936
0
0
0
1 1329
0
0
0
0
0
1 3723
0
0
0
0
0
1 2047
0
0
0
0
1 760
0
0
0
0
0
0
0
0
0
0
0
0
0
0
0
1 250
1 5228
0
0
0
1 4518
0
0
0
0
0
0
0
0
0
0
0
0
0
0
0
0
1 1178
0
1 2099
1 4075
0
0
0
0
0
0
0
0
0
0
0
0
0
0
0
1 5284
2 19 5442
0
0
0
0
0
1 5283
0
0
0
1 927
0
0
1 1870
0
0
0
0
0
1 2093
0
0
0
1 4719
0
0
0
0
0
3 1411 1827 2956
0
1 631
0
1 2995
1 3650
0
0
1 4308
1 314
1 3131
0
1 2286
0
2 1429 2925
0
0
1 5418
2 1229 1735
0
0
0
0
1 2919
0
0
1 2091
0
0
0
0
0
0
0
0
0
1 5152
0
0
2 422 634
1 5112
0
1 2623
1 889
0
1 617
1 2688
0
0
0
0
1 3596
0
2 273 3019
0
0
0
0
1 848
0
0
0
1 359
0
0
0
1 1418
1 1054
0
0
0
0
0
2 659 2441
0
0
0
0
0
0
0
1 2988
1 2044
1 3900
0
3 3175 3196 3652
1 744
1 5300
0
0
0
0
0
1 3818
0
0
3 225 775 1691
0
0
0
0
0
0
0
0
0
1 2671
0
0
1 3656
2 5348 5482
0
0
0
0
0
0
0
1 3940
1 5294
0
0
0
1 500
0
0
0
0
0
2 1635 4127
0
0
0
0
0
0
0
0
1 4329
0
0
0
1 1885
1 3727
1 1
0
0
0
0
0
0
0
0
1 4677
0
0
0
0
0
1 1547
2 2802 4255
0
0
1 4758
1 871
0
3 3230 3358 3829
0
1 4432
0
1 1334
0
0
0
1 2387
0
1 771
0
2 784 1017
0
0
1 3874
0
0
1 5254
0
0
1 4690
1 1464
1 1476
2 4106 4111
0
3 2849 3661 4384
2 3510 4248
1 3680
1 302
0
1 2709
0
1 4961
0
0
0
1 2605
4 1107 1124 4582 5025
1 712
0
1 1891
0
0
1 3665
0
1 488
0
1 1257
0
1 1632
0
2 1601 4589
2 862 2025
0
1 1574
2 654 2188
0
1 3261
0
2 3464 4610
0
1 4651
0
0
0
0
0
1 3461
0
1 1203
1 576
0
0
0
1 3893
3 200 1213 2551
0
0
3 1676 4900 5118
2 2821 5496
0
0
0
0
0
0
0
0
1 1503
2 1361 4739
0
0
0
1 4565
0
0
0
0
0
1 853
1 4247
1 4897
0
0
0
0
2 4011 5262
0
2 1658 2324
0
0
3 1551 3365 4742
1 2867
2 3249 3388
2 2144 4509
0
0
1 2175
0
0
0
0
1 5050
0
0
2 1025 4571
3 2681 3868 3928
1 342
0
0
2 78 2092
3 470 2057 4318
1 707
1 2345
0
1 4822
1 2283
0
1 1991
0
0
0
1 1100
0
0
1 1117
0
2 1313 3006
0
0
0
0
0
0
0
0
0
0
0
0
0
1 3122
2 1240 2452
1 3526
0
0
0
0
1 1495
0
0
1 5202
0
0
1 3173
0
0
0
0
1 1967
1 761
0
0
1 3628
0
0
0
0
0
1 2839
0
0
0
0
1 719
0
0
0
0
0
0
0
0
0
0
0
0
0
1 5223
0
0
1 57
0
0
0
0
0
0
0
0
0
0
0
3 1050 1467 2484
0
0
1 1349
0
0
0
0
0
0
0
0
0
0
0
0
0
0
0
0
0
0
0
0
1 1830
0
1 4991
0
0
0
1 2753
1 1422
0
0
0
0
1 5354
1 1235
1 2685
0
0
0
0
1 2992
0
0
1 2720
0
0
0
1 3334
0
0
0
0
0
0
0
2 472 3474
0
0
0
1 3902
0
0
0
0
0
0
0
0
1 2592
1 2682
0
0
0
0
0
0
1 949
1 698
0
0
0
0
0
0
0
0
1 1542
0
0
0
1 4188
0
0
0
0
1 2998
0
1 4068
0
0
0
0
0
0
0
0
0
1 4807
0
0
0
0
0
0
3 2041 4095 5166
0
0
0
0
0
0
0
0
0
0
0
0
1 2251
0
1 3186
0
0
0
1 540
0
0
0
1 4559
0
0
0
0
1 4681
1 2923
1 5081
0
1 473
0
0
0
0
0
1 3950
0
0
0
0
0
1 2268
1 372
0
0
0
1 3794
0
0
0
0
0
0
1 517
1 1434
0
0
0
0
0
0
1 1821
1 2214
0
1 1636
0
0
0
0
1 4996
0
0
0
0
1 1569
0
0
1 5052
0
0
1 5019
0
1 1413
0
0
0
0
0
0
0
1 5446
0
1 816
1 2906
0
0
0
0
0
0
0
1 5331
0
0
0
0
0
0
0
0
1 1969
0
0
0
0
0
0
0
0
2 2355 4708
0
1 3023
0
0
0
1 1383
0
2 3320 5248
0
1 3206
0
1 3883
0
0
1 4411
0
0
2 1089 4334
0
0
1 3651
0
0
0
0
0
0
0
1 1160
0
1 352
0
0
0
1 2187
1 1940
0
0
0
0
0
0
0
0
1 2634
0
0
0
0
1 677
0
1 5277
0
0
0
0
0
0
1 2982
0
0
1 4381
1 5010
1 5108
1 5513
0
1 2970
0
0
0
0
0
0
0
1 1680
0
0
0
0
0
1 1484
0
1 1182
0
0
0
0
0
0
0
0
0
0
2 3471 4080
0
0
1 3248
0
0
0
0
0
0
1 4403
0
0
1 508
0
0
0
0
0
0
0
0
1 2493
0
1 1373
0
0
0
0
0
0
0
0
0
0
0
0
0
0
0
0
0
0
0
0
0
0
2 2549 3164
0
0
0
1 959
0
0
0
0
0
0
0
0
0
1 685
0
0
0
0
0
1 623
1 3392
1 4143
1 3473
1 4660
0
0
0
1 5043
0
0
1 1315
2 2244 4450
0
1 5341
0
0
1 58
0
0
0
0
0
0
0
2 1627 3992
0
0
1 118
0
1 555
0
0
0
0
0
0
0
0
0
0
0
0
0
0
0
0
0
0
1 5357
0
0
0
0
0
0
0
1 2272
0
0
1 2874
1 2878
0
0
1 4602
0
2 2402 2574
0
0
0
0
0
0
0
0
0
1 1340
0
0
0
0
0
0
0
1 1451
0
1 2480
1 5518
0
0
0
0
2 787 941
0
0
0
0
0
0
0
1 1294
1 5026
0
0
0
1 2959
0
0
0
0
0
0
0
1 2147
1 4274
0
0
0
1 465
0
1 2922
1 243
1 4519
0
0
0
1 4420
0
0
1 3204
0
0
1 5489
0
1 274
0
0
1 1022
0
0
1 3348
0
0
0
0
0
1 2368
1 46
0
0
0
0
0
0
0
0
0
1 4814
0
0
1 2604
0
0
0
0
0
0
0
0
0
0
0
0
0
1 412
0
0
0
0
0
1 3605
0
0
0
0
0
0
1 4150
0
0
0
1 4884
0
0
1 84
1 1795
1 2343
2 2111 2914
0
0
0
0
0
1 2274
0
0
0
0
0
0
0
0
0
1 239
2 2971 4977
0
0
0
0
0
0
0
0
0
0
0
0
0
1 4342
0
0
0
0
0
0
0
0
0
0
0
0
1 5504
0
0
0
1 1659
0
0
2 403 4204
0
0
0
1 3159
0
0
0
0
1 2312
0
1 2125
0
1 969
0
0
0
0
0
0
0
0
1 5322
0
0
2 3005 4449
0
0
0
0
0
0
1 4971
0
0
1 4430
0
1 652
0
0
0
0
1 3754
1 1878
0
0
1 3698
0
0
1 5150
0
2 1034 1042
0
0
0
0
1 3908
0
0
0
0
1 1376
0
0
1 2277
0
1 73
0
1 1431
0
0
0
0
0
0
0
0
0
1 1480
0
0
2 1705 2189
0
0
1 3912
1 2300
0
0
0
0
0
0
0
1 5356
0
0
0
5 329 754 3555 4236 4299
1 2482
0
0
1 338
0
0
0
1 306
0
0
1 2393
0
0
0
1 3213
0
0
1 4125
1 3622
1 5443
0
1 279
0
0
1 4596
0
0
1 4545
0
1 2440
0
0
0
0
1 3764
0
0
0
0
0
0
0
0
0
0
0
0
1 3852
0
0
0
0
0
0
0
0
1 4786
0
0
0
0
0
0
0
0
0
0
2 1483 2864
0
1 4628
0
0
0
0
0
0
0
0
1 1901
1 38
0
0
0
0
0
0
1 5297
0
0
0
1 1972
0
0
1 3931
0
0
0
1 2242
1 2836
0
0
0
0
0
1 586
0
0
1 2235
0
0
0
0
1 2636
0
0
0
1 2009
0
0
1 3092
1 2532
0
0
0
0
0
1 1101
1 4246
0
1 5473
0
0
0
0
0
0
0
1 5103
0
0
0
0
0
0
0
0
0
1 2151
1 4520
0
0
0
0
1 1591
1 694
0
0
1 1108
0
1 1978
0
0
1 1667
0
0
0
0
0
0
0
1 2131
0
0
0
0
1 2520
0
0
1 748
0
1 4078
0
0
0
1 2142
0
0
0
1 2448
0
0
0
0
0
0
0
1 4367
0
0
0
2 2770 5501
0
0
0
0
0
0
0
0
0
2 3744 4484
1 2723
0
0
0
1 3208
1 1894
0
0
0
1 3577
0
0
0
0
0
2 658 4112
2 2479 5256
0
0
0
1 720
0
0
1 5100
0
0
0
0
0
1 2983
1 1771
0
1 3401
0
0
0
0
0
1 3109
0
0
1 5308
0
0
0
0
0
0
0
1 462
0
0
1 389
0
0
0
0
0
0
0
0
0
0
0
0
1 3691
0
0
0
0
0
0
0
0
0
1 4872
0
1 570
0
0
0
1 24
0
1 5444
0
0
0
0
0
0
0
0
0
1 206
0
0
0
0
0
1 3495
0
1 4727
0
0
0
0
0
0
1 1505
1 3383
0
0
0
0
0
0
1 5361
0
0
0
0
1 2776
0
0
1 4611
0
0
0
0
0
0
0
0
0
1 5344
0
0
0
0
1 3673
0
0
0
0
1 607
0
0
0
0
1 2050
1 814
0
0
0
0
0
0
2 907 2266
0
0
0
0
0
0
0
0
0
0
0
2 2555 5134
0
0
1 3066
1 3944
1 4024
0
0
0
0
0
0
0
0
0
1 728
0
0
0
0
0
1 1220
0
0
0
0
0
0
0
0
0
1 2208
0
0
0
0
0
1 1302
0
0
0
0
1 2714
0
0
0
0
1 1840
0
0
0
0
0
0
0
0
0
0
0
0
0
0
0
0
1 3606
0
0
0
0
0
0
0
0
0
0
0
1 1084
0
0
1 991
0
0
0
1 770
0
2 1853 3566
1 5187
0
0
0
0
0
0
0
0
0
0
1 5013
0
1 970
0
0
0
0
0
2 5158 5339
0
0
0
1 4479
1 3858
1 1749
1 5499
0
0
0
0
0
0
0
0
0
1 4917
0
0
2 2732 3634
2 2156 2646
0
0
0
1 2432
0
0
0
0
1 2356
0
0
1 1147
0
0
0
1 4838
0
0
1 1962
0
0
0
0
0
1 4780
0
0
0
0
1 621
0
1 2965
0
0
1 1444
0
0
0
0
0
0
0
0
2 812 3183
0
0
0
1 3502
0
0
1 820
0
0
0
0
0
0
1 4525
0
0
0
0
0
0
0
0
0
0
0
2 1001 3035
0
0
0
0
0
0
0
0
1 493
0
0
0
3 1030 3112 4853
1 955
1 4294
0
1 4823
0
1 3427
0
0
0
0
0
0
0
0
0
0
0
0
0
1 3223
0
0
0
1 3881
1 5173
0
0
0
1 1322
1 5490
0
0
1 919
0
0
0
1 1922
0
0
0
0
0
0
0
0
0
0
0
0
1 4672
0
0
0
0
2 1589 2457
0
0
0
0
0
0
0
1 1407
0
0
0
0
0
1 1518
1 2704
0
0
0
1 341
0
0
0
0
0
1 4495
0
0
0
0
0
0
0
0
0
0
0
0
0
1 3245
0
0
1 3864
0
0
0
0
0
0
0
0
0
0
0
0
0
0
0
0
0
0
0
0
1 2706
0
1 2295
0
1 3346
0
0
0
1 1260
3 361 1288 2237
0
0
0
1 1010
0
0
0
1 5390
0
0
0
0
0
0
0
1 2094
0
1 3446
0
0
0
0
1 980
0
0
0
0
0
0
1 2456
0
0
0
1 4537
1 2350
0
0
0
0
1 1281
0
0
0
0
0
0
0
0
0
0
1 1732
0
1 175
0
0
1 3989
0
0
0
0
1 1070
0
0
0
1 3676
0
0
0
0
0
0
0
0
0
0
1 132
0
1 3153
0
0
0
0
0
0
0
0
0
0
0
0
0
0
0
0
0
1 5530
0
1 4206
0
0
0
0
0
0
0
0
0
0
1 1849
0
1 1752
0
1 5548
0
0
1 5288
0
0
0
0
0
0
0
0
0
0
0
0
0
0
0
0
0
0
0
0
2 69 1344
0
0
0
0
0
0
1 4769
1 4741
0
0
0
1 692
0
0
1 4085
0
0
0
0
0
0
0
1 1808
0
0
0
0
0
1 246
0
0
0
0
0
0
0
0
0
0
0
0
0
0
1 2609
0
0
0
0
0
0
0
0
0
0
0
0
0
0
0
0
0
0
0
0
1 2298
0
0
0
0
0
1 3025
1 1292
0
0
0
1 4737
0
1 715
0
0
0
0
0
0
0
1 649
0
0
0
1 1269
0
0
0
0
0
0
0
0
0
0
0
1 2367
0
0
0
0
0
0
0
0
0
0
0
0
0
0
0
0
0
0
0
0
0
0
0
1 275
0
0
0
0
0
0
0
1 2163
0
0
1 1640
0
1 4726
0
0
0
1 1585
0
0
0
0
0
0
0
0
0
0
0
0
0
0
0
1 4191
1 1491
0
0
0
0
0
1 1046
0
0
0
0
0
0
0
0
0
0
0
0
0
0
1 3721
1 2759
1 3020
0
0
0
0
1 2013
0
0
1 5366
0
0
0
0
0
1 1861
0
0
0
1 1855
0
1 2505
0
0
0
0
0
0
0
0
0
0
0
0
0
0
0
0
0
0
0
0
0
0
0
0
0
0
0
0
0
0
0
0
0
0
1 128
0
0
0
1 2029
0
0
0
0
0
0
0
0
0
0
1 4606
0
0
0
0
1 2656
0
0
1 1212
0
0
1 4655
0
1 1144
0
0
0
0
0
1 1080
0
0
0
0
0
0
0
0
0
0
0
0
0
0
0
0
0
0
0
0
0
0
0
0
1 1951
0
0
1 1239
0
0
0
0
0
0
0
0
0
0
0
1 3420
0
0
0
0
1 2472
0
0
1 201
0
2 590 2179
0
0
0
1 3470
0
0
1 5318
0
1 1493
0
0
0
0
0
0
0
0
0
1 1443
0
0
0
0
0
0
0
0
0
0
0
0
5 681 1933 3693 3816 4659
0
0
0
0
0
1 3810
0
0
0
2 2306 3084
0
0
3 3618 3787 4685
0
0
0
1 3679
0
0
0
0
0
0
0
2 3878 4871
0
0
0
0
0
0
0
0
0
0
0
0
0
0
0
3 990 3151 3203
0
0
0
0
1 2344
0
0
0
1 599
0
0
0
0
0
1 4408
0
0
1 2686
0
0
0
0
0
0
0
0
1 145
0
0
0
0
0
0
0
0
1 3700
0
0
0
0
0
0
1 2621
0
0
0
1 1297
0
0
0
0
0
0
1 3588
0
0
1 3548
0
0
0
0
1 679
0
0
2 890 3623
0
0
0
0
1 3635
0
0
0
0
0
0
0
0
0
0
0
0
0
0
0
0
0
0
0
0
0
0
0
0
0
0
0
0
1 3425
0
0
0
1 4203
0
0
1 2838
1 843
0
0
0
0
0
0
1 1069
0
0
0
0
1 5263
0
0
0
1 4926
0
0
0
2 2062 3714
0
1 2786
1 2123
1 3737
1 3200
0
0
0
1 4903
0
0
0
0
0
0
0
0
1 753
0
1 3582
0
0
1 1385
0
0
0
0
0
0
0
0
0
0
0
0
0
0
0
0
0
0
1 357
0
0
0
0
0
0
0
1 2848
0
1 4629
0
1 5272
0
0
0
0
0
2 266 2908
0
8 295 678 1035 2107 2972 3608 4550 4844
0
0
0
0
0
0
0
0
0
0
0
0
0
0
0
0
0
0
1 952
0
0
0
0
0
0
0
2 2904 5060
0
0
0
1 1139
0
2 4703 4716
0
0
0
0
0
0
0
0
0
0
1 4768
0
0
0
1 4594
0
0
1 632
0
0
0
1 1912
0
0
0
0
0
0
0
0
0
1 5391
0
1 4163
1 2643
0
2 2095 5128
0
0
0
0
0
0
0
0
0
0
1 3052
0
0
0
0
0
0
0
0
1 2082
0
0
0
0
0
2 1907 5398
0
0
1 1135
0
0
0
0
0
0
0
1 5259
0
0
2 778 5023
0
0
0
0
0
0
0
0
0
0
0
0
0
0
0
1 4156
0
1 3357
0
0
0
0
0
0
1 877
0
0
0
0
0
0
0
0
0
0
0
0
1 1687
0
1 4148
0
0
0
0
1 704
0
0
0
0
0
0
0
0
0
0
0
0
0
0
0
0
0
1 4333
0
0
0
0
1 5456
2 1649 4462
0
1 4002
1 3179
0
1 4339
0
0
0
0
0
0
1 3146
0
1 3994
0
1 3292
0
0
0
0
1 2580
0
0
0
0
0
1 2654
1 487
0
0
0
0
0
0
0
0
0
0
0
1 3068
0
0
1 5549
1 2727
1 4949
0
0
0
0
2 334 3702
1 3080
0
0
0
0
0
0
0
0
1 947
0
1 1631
2 381 1343
0
0
0
0
0
0
0
0
0
0
0
0
0
0
0
1 968
0
0
1 1706
0
0
1 5174
0
0
0
0
1 3741
1 5479
0
1 4453
3 1112 1703 2687
1 2843
1 1319
1 5212
0
0
0
1 2019
0
1 4149
0
0
1 140
0
0
0
0
0
0
0
0
0
0
3 2877 3590 3681
2 1617 4445
0
0
0
0
0
0
0
0
0
0
1 150
0
0
0
0
1 5266
1 3786
0
0
0
1 2578
0
0
1 192
0
0
0
0
0
0
1 1338
0
0
0
0
0
0
1 2444
0
0
0
0
0
1 5486
0
2 831 2034
1 2491
0
0
0
0
1 5036
0
0
1 2435
0
0
0
0
0
0
0
0
0
0
0
0
1 3762
0
0
0
0
0
0
0
0
0
0
0
1 4638
0
0
0
0
0
1 1963
1 5447
0
0
0
0
1 1684
0
0
0
0
1 1996
0
0
0
0
0
0
0
0
0
0
0
0
0
0
0
0
0
1 543
0
0
0
0
0
0
0
1 1790
0
0
0
1 3537
0
0
0
0
0
2 479 2176
0
0
1 1643
0
0
0
2 4680 5066
0
0
0
0
0
0
0
0
0
2 3070 4579
0
0
1 4951
0
0
0
0
0
0
0
1 1391
0
0
1 3867
0
1 1806
0
0
0
0
0
1 237
0
0
0
0
0
0
0
0
0
0
0
0
1 5199
0
0
0
0
0
0
1 642
0
0
0
0
0
0
0
0
0
0
0
0
1 4830
0
0
1 4493
0
0
1 2077
1 2961
0
2 4417 4503
0
0
1 3524
0
0
0
0
0
0
1 4684
0
0
0
0
0
0
0
0
0
0
0
0
0
0
0
0
0
0
0
0
0
1 911
1 3266
0
0
0
1 700
0
0
0
0
0
0
2 2930 3481
1 5333
0
0
0
0
0
0
0
0
0
0
0
0
0
1 4887
0
0
0
0
0
0
0
0
0
0
0
0
0
0
0
0
0
0
1 5222
0
0
0
0
0
0
0
0
0
0
1 161
0
0
2 1141 5299
0
0
0
0
0
0
0
0
1 4121
1 3126
0
0
0
0
0
0
0
0
0
0
1 2749
1 3299
0
0
0
0
0
0
0
0
0
0
0
0
0
0
1 2369
0
1 884
0
0
0
0
0
1 772
0
0
0
0
0
0
1 3649
0
0
0
0
0
0
0
1 2721
1 4927
0
2 278 1580
0
0
0
0
0
0
0
1 822
0
0
0
0
0
0
0
0
0
0
0
0
0
0
0
1 5445
0
1 2679
0
0
0
0
0
0
0
0
1 3886
0
0
0
0
0
0
1 2320
0
0
0
0
0
0
0
0
0
0
0
1 1965
0
0
1 252
0
0
0
0
0
0
0
0
0
0
0
0
0
0
0
0
2 392 4889
0
0
0
1 195
0
0
0
0
0
0
0
0
0
0
0
0
0
0
1 2238
1 383
0
1 2715
0
0
0
0
0
0
0
1 2768
0
0
2 3477 5471
0
0
0
0
0
0
0
2 1360 2396
0
2 1061 2319
0
0
0
0
0
0
0
0
0
0
0
0
0
0
0
0
0
0
0
0
1 5037
0
0
0
1 1598
0
1 1919
0
0
0
0
1 5057
0
0
0
0
0
0
0
1 1419
0
0
1 5113
0
0
1 4131
1 1817
0
0
0
0
0
0
0
0
0
0
0
0
0
2 2500 3817
2 393 1813
1 3363
1 1509
0
0
0
0
0
0
0
0
0
0
0
1 4803
0
0
0
0
0
0
0
0
0
0
0
0
1 606
0
0
0
1 2881
1 3847
0
0
0
0
0
0
1 2535
0
0
0
0
0
0
1 2924
0
0
0
0
0
0
0
0
0
0
0
0
0
0
0
0
0
0
0
0
0
0
1 3799
0
0
0
0
0
0
1 3806
0
0
1 2891
0
0
0
0
0
0
0
0
0
0
